1.0
1.0
1.0
1.0
1.0
1.0
1.0
1.0
1.0
1.0
0.98
0.848
0.426
0.068
0.004
0.0
0.0
0.0
0.0
0.0
0.0
0.0
0.0
0.0
0.0
0.0
0.0
0.0
0.0
0.0
0.0
0.0
0.0
0.0
0.0
0.0
0.0
0.0
0.0
0.0
0.0
0.0
0.0
0.0
0.0
0.0
0.0
0.0
0.0
0.0
0.0
0.0
0.0
0.0
0.0
0.0
0.0
0.0
0.0
0.0
0.0
0.0
0.0
0.0
0.0
0.0
0.0
0.0
0.0
0.0
0.0
0.0
0.0
0.0
0.0
0.0
0.0
0.0
0.0
0.0
0.0
0.0
0.0
0.0
0.0
0.0
0.0
0.0
0.0
0.0
0.0
0.0
0.0
0.0
0.0
0.0
0.0
0.0
0.0
0.0
0.0
0.0
0.0
0.0
0.0
0.0
0.0
0.0
0.0
0.0
0.0
0.0
0.0
0.0
0.0
0.0
0.0
0.0
0.0
0.0
0.0
0.0
0.0
0.0
0.0
0.0
0.0
0.0
0.0
0.0
0.0
0.0
0.0
0.0
0.0
0.0
0.0
0.0
0.0
0.0
0.0
0.0
0.0
0.0
0.0
0.0
0.0
0.0
0.0
0.0
0.0
0.0
0.0
0.0
0.0
0.0
0.0
0.0
0.0
0.0
0.0
0.0
0.0
0.0
0.0
0.0
0.0
0.0
0.0
0.0
0.0
0.0
0.0
0.0
0.0
0.0
0.0
0.0
0.0
0.0
0.0
0.0
0.0
0.0
0.0
0.0
0.0
0.0
0.0
0.0
0.0
0.0
0.0
0.0
0.0
0.0
0.0
0.0
0.0
0.0
0.0
1.0
1.0
1.0
1.0
1.0
1.0
1.0
1.0
1.0
1.0
0.986
0.872
0.434
0.082
0.016
0.004
0.0
0.0
0.0
0.0
0.0
0.0
0.0
0.0
0.0
0.0
0.0
0.0
0.0
0.0
0.0
0.0
0.0
0.0
0.0
0.0
0.0
0.0
0.0
0.0
0.0
0.0
0.0
0.0
0.0
0.0
0.0
0.0
0.0
0.0
0.0
0.0
0.0
0.0
0.0
0.0
0.0
0.0
0.0
0.0
0.0
0.0
0.0
0.0
0.0
0.0
0.0
0.0
0.0
0.0
0.0
0.0
0.0
0.0
0.0
0.0
0.0
0.0
0.0
0.0
0.0
0.0
0.0
0.0
0.0
0.0
0.0
0.0
0.0
0.0
0.0
0.0
0.0
0.0
0.0
0.0
0.0
0.0
0.0
0.0
0.0
0.0
0.0
0.0
0.0
0.0
0.0
0.0
0.0
0.0
0.0
0.0
0.0
0.0
0.0
0.0
0.0
0.0
0.0
0.0
0.0
0.0
0.0
0.0
0.0
0.0
0.0
0.0
0.0
0.0
0.0
0.0
0.0
0.0
0.0
0.0
0.0
0.0
0.0
0.0
0.0
0.0
0.0
0.0
0.0
0.0
0.0
0.0
0.0
0.0
0.0
0.0
0.0
0.0
0.0
0.0
0.0
0.0
0.0
0.0
0.0
0.0
0.0
0.0
0.0
0.0
0.0
0.0
0.0
0.0
0.0
0.0
0.0
0.0
0.0
0.0
0.0
0.0
0.0
0.0
0.0
0.0
0.0
0.0
0.0
0.0
0.0
0.0
0.0
0.0
0.0
0.0
0.0
0.0
0.0
0.0
0.0
0.0
0.0
0.0
0.0
1.0
1.0
1.0
1.0
1.0
1.0
1.0
1.0
1.0
1.0
0.98
0.868
0.484
0.08
0.02
0.006
0.0
0.0
0.0
0.0
0.0
0.0
0.0
0.0
0.0
0.0
0.0
0.0
0.0
0.0
0.0
0.0
0.0
0.0
0.0
0.0
0.0
0.0
0.0
0.0
0.0
0.0
0.0
0.0
0.0
0.0
0.0
0.0
0.0
0.0
0.0
0.0
0.0
0.0
0.0
0.0
0.0
0.0
0.0
0.0
0.0
0.0
0.0
0.0
0.0
0.0
0.0
0.0
0.0
0.0
0.0
0.0
0.0
0.0
0.0
0.0
0.0
0.0
0.0
0.0
0.0
0.0
0.0
0.0
0.0
0.0
0.0
0.0
0.0
0.0
0.0
0.0
0.0
0.0
0.0
0.0
0.0
0.0
0.0
0.0
0.0
0.0
0.0
0.0
0.0
0.0
0.0
0.0
0.0
0.0
0.0
0.0
0.0
0.0
0.0
0.0
0.0
0.0
0.0
0.0
0.0
0.0
0.0
0.0
0.0
0.0
0.0
0.0
0.0
0.0
0.0
0.0
0.0
0.0
0.0
0.0
0.0
0.0
0.0
0.0
0.0
0.0
0.0
0.0
0.0
0.0
0.0
0.0
0.0
0.0
0.0
0.0
0.0
0.0
0.0
0.0
0.0
0.0
0.0
0.0
0.0
0.0
0.0
0.0
0.0
0.0
0.0
0.0
0.0
0.0
0.0
0.0
0.0
0.0
0.0
0.0
0.0
0.0
0.0
0.0
0.0
0.0
0.0
0.0
0.0
0.0
0.0
0.0
0.0
0.0
0.0
0.0
0.0
0.0
0.0
0.0
0.0
0.0
0.0
0.0
0.0
1.0
1.0
1.0
1.0
1.0
1.0
1.0
1.0
1.0
1.0
0.984
0.888
0.522
0.076
0.008
0.008
0.006
0.002
0.0
0.0
0.0
0.0
0.0
0.0
0.0
0.0
0.0
0.0
0.0
0.0
0.0
0.0
0.0
0.0
0.0
0.0
0.0
0.0
0.0
0.0
0.0
0.0
0.0
0.0
0.0
0.0
0.0
0.0
0.0
0.0
0.0
0.0
0.0
0.0
0.0
0.0
0.0
0.0
0.0
0.0
0.0
0.0
0.0
0.0
0.0
0.0
0.0
0.0
0.0
0.0
0.0
0.0
0.0
0.0
0.0
0.0
0.0
0.0
0.0
0.0
0.0
0.0
0.0
0.0
0.0
0.0
0.0
0.0
0.0
0.0
0.0
0.0
0.0
0.0
0.0
0.0
0.0
0.0
0.0
0.0
0.0
0.0
0.0
0.0
0.0
0.0
0.0
0.0
0.0
0.0
0.0
0.0
0.0
0.0
0.0
0.0
0.0
0.0
0.0
0.0
0.0
0.0
0.0
0.0
0.0
0.0
0.0
0.0
0.0
0.0
0.0
0.0
0.0
0.0
0.0
0.0
0.0
0.0
0.0
0.0
0.0
0.0
0.0
0.0
0.0
0.0
0.0
0.0
0.0
0.0
0.0
0.0
0.0
0.0
0.0
0.0
0.0
0.0
0.0
0.0
0.0
0.0
0.0
0.0
0.0
0.0
0.0
0.0
0.0
0.0
0.0
0.0
0.0
0.0
0.0
0.0
0.0
0.0
0.0
0.0
0.0
0.0
0.0
0.0
0.0
0.0
0.0
0.0
0.0
0.0
0.0
0.0
0.0
0.0
0.0
0.0
0.0
0.0
0.0
0.0
0.0
1.0
1.0
1.0
1.0
1.0
1.0
1.0
1.0
1.0
1.0
0.998
0.962
0.838
0.596
0.404
0.28
0.21
0.168
0.128
0.09
0.068
0.044
0.036
0.034
0.028
0.024
0.016
0.014
0.01
0.01
0.008
0.006
0.006
0.006
0.004
0.004
0.004
0.002
0.002
0.0
0.0
0.0
0.0
0.0
0.0
0.0
0.0
0.0
0.0
0.0
0.0
0.0
0.0
0.0
0.0
0.0
0.0
0.0
0.0
0.0
0.0
0.0
0.0
0.0
0.0
0.0
0.0
0.0
0.0
0.0
0.0
0.0
0.0
0.0
0.0
0.0
0.0
0.0
0.0
0.0
0.0
0.0
0.0
0.0
0.0
0.0
0.0
0.0
0.0
0.0
0.0
0.0
0.0
0.0
0.0
0.0
0.0
0.0
0.0
0.0
0.0
0.0
0.0
0.0
0.0
0.0
0.0
0.0
0.0
0.0
0.0
0.0
0.0
0.0
0.0
0.0
0.0
0.0
0.0
0.0
0.0
0.0
0.0
0.0
0.0
0.0
0.0
0.0
0.0
0.0
0.0
0.0
0.0
0.0
0.0
0.0
0.0
0.0
0.0
0.0
0.0
0.0
0.0
0.0
0.0
0.0
0.0
0.0
0.0
0.0
0.0
0.0
0.0
0.0
0.0
0.0
0.0
0.0
0.0
0.0
0.0
0.0
0.0
0.0
0.0
0.0
0.0
0.0
0.0
0.0
0.0
0.0
0.0
0.0
0.0
0.0
0.0
0.0
0.0
0.0
0.0
0.0
0.0
0.0
0.0
0.0
0.0
0.0
0.0
0.0
0.0
0.0
0.0
0.0
0.0
0.0
0.0
0.0
0.0
0.0
0.0
1.0
1.0
1.0
1.0
1.0
1.0
1.0
1.0
1.0
1.0
1.0
1.0
0.986
0.976
0.936
0.896
0.844
0.81
0.75
0.698
0.664
0.63
0.608
0.576
0.562
0.54
0.514
0.484
0.454
0.422
0.408
0.39
0.366
0.342
0.318
0.31
0.294
0.282
0.27
0.252
0.226
0.212
0.202
0.194
0.19
0.188
0.174
0.168
0.156
0.146
0.134
0.13
0.126
0.122
0.12
0.118
0.11
0.096
0.092
0.088
0.082
0.08
0.074
0.07
0.07
0.066
0.066
0.062
0.058
0.056
0.052
0.05
0.05
0.05
0.046
0.044
0.042
0.042
0.042
0.042
0.038
0.036
0.036
0.032
0.03
0.028
0.028
0.028
0.024
0.022
0.02
0.02
0.02
0.02
0.02
0.016
0.016
0.016
0.014
0.01
0.01
0.01
0.008
0.008
0.008
0.008
0.008
0.008
0.008
0.008
0.008
0.008
0.008
0.008
0.006
0.006
0.006
0.006
0.006
0.006
0.006
0.006
0.006
0.006
0.006
0.006
0.006
0.006
0.006
0.006
0.006
0.006
0.004
0.004
0.004
0.004
0.004
0.004
0.004
0.004
0.004
0.004
0.004
0.004
0.004
0.004
0.004
0.004
0.004
0.004
0.004
0.004
0.004
0.004
0.004
0.004
0.004
0.004
0.004
0.002
0.002
0.002
0.002
0.002
0.002
0.002
0.002
0.002
0.002
0.002
0.002
0.002
0.002
0.002
0.002
0.002
0.002
0.002
0.002
0.002
0.002
0.002
0.002
0.002
0.002
0.002
0.002
0.002
0.0
0.0
0.0
0.0
0.0
0.0
0.0
0.0
0.0
0.0
0.0
0.0
0.0
1.0
1.0
1.0
1.0
1.0
1.0
1.0
1.0
1.0
1.0
1.0
1.0
0.996
0.992
0.97
0.962
0.944
0.926
0.912
0.9
0.882
0.866
0.85
0.83
0.814
0.786
0.768
0.752
0.736
0.724
0.722
0.698
0.684
0.668
0.65
0.642
0.616
0.608
0.586
0.578
0.572
0.57
0.558
0.552
0.544
0.528
0.522
0.52
0.504
0.494
0.486
0.474
0.46
0.454
0.446
0.438
0.432
0.43
0.418
0.414
0.402
0.392
0.39
0.374
0.37
0.364
0.354
0.348
0.338
0.332
0.33
0.316
0.31
0.3
0.294
0.286
0.28
0.278
0.274
0.266
0.264
0.258
0.248
0.238
0.236
0.232
0.226
0.222
0.218
0.212
0.21
0.204
0.204
0.196
0.192
0.186
0.186
0.186
0.182
0.182
0.178
0.174
0.168
0.168
0.162
0.158
0.152
0.144
0.14
0.138
0.136
0.134
0.134
0.134
0.134
0.13
0.128
0.126
0.12
0.118
0.116
0.112
0.11
0.106
0.104
0.098
0.096
0.096
0.094
0.092
0.09
0.09
0.09
0.086
0.086
0.086
0.086
0.084
0.084
0.084
0.078
0.072
0.07
0.068
0.064
0.064
0.064
0.064
0.062
0.062
0.062
0.062
0.062
0.062
0.06
0.058
0.058
0.058
0.058
0.058
0.054
0.052
0.05
0.05
0.05
0.046
0.046
0.044
0.044
0.044
0.042
0.042
0.042
0.042
0.042
0.042
0.042
0.04
0.036
0.034
0.034
0.034
0.034
0.034
0.034
0.034
0.034
0.032
0.032
0.032
0.03
0.03
0.024
0.024
0.024
0.024
0.024
0.024
0.022
0.022
0.022
1.0
1.0
1.0
1.0
1.0
1.0
1.0
1.0
1.0
1.0
1.0
1.0
0.998
0.984
0.978
0.964
0.944
0.926
0.908
0.888
0.878
0.868
0.858
0.85
0.832
0.82
0.808
0.798
0.778
0.774
0.764
0.758
0.746
0.736
0.724
0.71
0.7
0.694
0.672
0.666
0.656
0.652
0.636
0.628
0.622
0.616
0.606
0.602
0.59
0.58
0.564
0.556
0.544
0.538
0.526
0.524
0.514
0.508
0.502
0.496
0.486
0.482
0.476
0.468
0.444
0.438
0.436
0.422
0.418
0.414
0.4
0.396
0.384
0.372
0.368
0.364
0.362
0.358
0.354
0.346
0.344
0.334
0.328
0.324
0.318
0.318
0.314
0.31
0.308
0.298
0.294
0.284
0.278
0.274
0.27
0.268
0.268
0.266
0.262
0.258
0.256
0.252
0.246
0.242
0.24
0.234
0.232
0.228
0.228
0.226
0.214
0.206
0.206
0.2
0.198
0.19
0.184
0.178
0.176
0.174
0.174
0.168
0.162
0.16
0.156
0.152
0.15
0.15
0.146
0.144
0.144
0.144
0.142
0.136
0.13
0.13
0.13
0.126
0.122
0.12
0.12
0.116
0.11
0.108
0.108
0.108
0.108
0.108
0.106
0.104
0.104
0.098
0.098
0.098
0.098
0.096
0.094
0.09
0.084
0.084
0.082
0.082
0.082
0.08
0.08
0.08
0.078
0.076
0.076
0.074
0.072
0.072
0.07
0.068
0.066
0.066
0.066
0.066
0.064
0.062
0.062
0.062
0.06
0.06
0.06
0.058
0.058
0.058
0.058
0.056
0.056
0.056
0.056
0.054
0.054
0.054
0.054
0.054
0.054
0.054
0.054
1.0
1.0
1.0
1.0
1.0
1.0
1.0
1.0
1.0
1.0
0.99
0.91
0.574
0.17
0.028
0.002
0.0
0.0
0.0
0.0
0.0
0.0
0.0
0.0
0.0
0.0
0.0
0.0
0.0
0.0
0.0
0.0
0.0
0.0
0.0
0.0
0.0
0.0
0.0
0.0
0.0
0.0
0.0
0.0
0.0
0.0
0.0
0.0
0.0
0.0
0.0
0.0
0.0
0.0
0.0
0.0
0.0
0.0
0.0
0.0
0.0
0.0
0.0
0.0
0.0
0.0
0.0
0.0
0.0
0.0
0.0
0.0
0.0
0.0
0.0
0.0
0.0
0.0
0.0
0.0
0.0
0.0
0.0
0.0
0.0
0.0
0.0
0.0
0.0
0.0
0.0
0.0
0.0
0.0
0.0
0.0
0.0
0.0
0.0
0.0
0.0
0.0
0.0
0.0
0.0
0.0
0.0
0.0
0.0
0.0
0.0
0.0
0.0
0.0
0.0
0.0
0.0
0.0
0.0
0.0
0.0
0.0
0.0
0.0
0.0
0.0
0.0
0.0
0.0
0.0
0.0
0.0
0.0
0.0
0.0
0.0
0.0
0.0
0.0
0.0
0.0
0.0
0.0
0.0
0.0
0.0
0.0
0.0
0.0
0.0
0.0
0.0
0.0
0.0
0.0
0.0
0.0
0.0
0.0
0.0
0.0
0.0
0.0
0.0
0.0
0.0
0.0
0.0
0.0
0.0
0.0
0.0
0.0
0.0
0.0
0.0
0.0
0.0
0.0
0.0
0.0
0.0
0.0
0.0
0.0
0.0
0.0
0.0
0.0
0.0
0.0
0.0
0.0
0.0
0.0
0.0
0.0
0.0
0.0
0.0
0.0
1.0
1.0
1.0
1.0
1.0
1.0
1.0
1.0
1.0
1.0
0.99
0.926
0.624
0.174
0.024
0.006
0.0
0.0
0.0
0.0
0.0
0.0
0.0
0.0
0.0
0.0
0.0
0.0
0.0
0.0
0.0
0.0
0.0
0.0
0.0
0.0
0.0
0.0
0.0
0.0
0.0
0.0
0.0
0.0
0.0
0.0
0.0
0.0
0.0
0.0
0.0
0.0
0.0
0.0
0.0
0.0
0.0
0.0
0.0
0.0
0.0
0.0
0.0
0.0
0.0
0.0
0.0
0.0
0.0
0.0
0.0
0.0
0.0
0.0
0.0
0.0
0.0
0.0
0.0
0.0
0.0
0.0
0.0
0.0
0.0
0.0
0.0
0.0
0.0
0.0
0.0
0.0
0.0
0.0
0.0
0.0
0.0
0.0
0.0
0.0
0.0
0.0
0.0
0.0
0.0
0.0
0.0
0.0
0.0
0.0
0.0
0.0
0.0
0.0
0.0
0.0
0.0
0.0
0.0
0.0
0.0
0.0
0.0
0.0
0.0
0.0
0.0
0.0
0.0
0.0
0.0
0.0
0.0
0.0
0.0
0.0
0.0
0.0
0.0
0.0
0.0
0.0
0.0
0.0
0.0
0.0
0.0
0.0
0.0
0.0
0.0
0.0
0.0
0.0
0.0
0.0
0.0
0.0
0.0
0.0
0.0
0.0
0.0
0.0
0.0
0.0
0.0
0.0
0.0
0.0
0.0
0.0
0.0
0.0
0.0
0.0
0.0
0.0
0.0
0.0
0.0
0.0
0.0
0.0
0.0
0.0
0.0
0.0
0.0
0.0
0.0
0.0
0.0
0.0
0.0
0.0
0.0
0.0
0.0
0.0
0.0
1.0
1.0
1.0
1.0
1.0
1.0
1.0
1.0
1.0
1.0
0.992
0.93
0.628
0.182
0.042
0.01
0.006
0.002
0.0
0.0
0.0
0.0
0.0
0.0
0.0
0.0
0.0
0.0
0.0
0.0
0.0
0.0
0.0
0.0
0.0
0.0
0.0
0.0
0.0
0.0
0.0
0.0
0.0
0.0
0.0
0.0
0.0
0.0
0.0
0.0
0.0
0.0
0.0
0.0
0.0
0.0
0.0
0.0
0.0
0.0
0.0
0.0
0.0
0.0
0.0
0.0
0.0
0.0
0.0
0.0
0.0
0.0
0.0
0.0
0.0
0.0
0.0
0.0
0.0
0.0
0.0
0.0
0.0
0.0
0.0
0.0
0.0
0.0
0.0
0.0
0.0
0.0
0.0
0.0
0.0
0.0
0.0
0.0
0.0
0.0
0.0
0.0
0.0
0.0
0.0
0.0
0.0
0.0
0.0
0.0
0.0
0.0
0.0
0.0
0.0
0.0
0.0
0.0
0.0
0.0
0.0
0.0
0.0
0.0
0.0
0.0
0.0
0.0
0.0
0.0
0.0
0.0
0.0
0.0
0.0
0.0
0.0
0.0
0.0
0.0
0.0
0.0
0.0
0.0
0.0
0.0
0.0
0.0
0.0
0.0
0.0
0.0
0.0
0.0
0.0
0.0
0.0
0.0
0.0
0.0
0.0
0.0
0.0
0.0
0.0
0.0
0.0
0.0
0.0
0.0
0.0
0.0
0.0
0.0
0.0
0.0
0.0
0.0
0.0
0.0
0.0
0.0
0.0
0.0
0.0
0.0
0.0
0.0
0.0
0.0
0.0
0.0
0.0
0.0
0.0
0.0
0.0
0.0
0.0
0.0
0.0
1.0
1.0
1.0
1.0
1.0
1.0
1.0
1.0
1.0
1.0
0.99
0.938
0.656
0.224
0.044
0.02
0.008
0.002
0.002
0.002
0.002
0.0
0.0
0.0
0.0
0.0
0.0
0.0
0.0
0.0
0.0
0.0
0.0
0.0
0.0
0.0
0.0
0.0
0.0
0.0
0.0
0.0
0.0
0.0
0.0
0.0
0.0
0.0
0.0
0.0
0.0
0.0
0.0
0.0
0.0
0.0
0.0
0.0
0.0
0.0
0.0
0.0
0.0
0.0
0.0
0.0
0.0
0.0
0.0
0.0
0.0
0.0
0.0
0.0
0.0
0.0
0.0
0.0
0.0
0.0
0.0
0.0
0.0
0.0
0.0
0.0
0.0
0.0
0.0
0.0
0.0
0.0
0.0
0.0
0.0
0.0
0.0
0.0
0.0
0.0
0.0
0.0
0.0
0.0
0.0
0.0
0.0
0.0
0.0
0.0
0.0
0.0
0.0
0.0
0.0
0.0
0.0
0.0
0.0
0.0
0.0
0.0
0.0
0.0
0.0
0.0
0.0
0.0
0.0
0.0
0.0
0.0
0.0
0.0
0.0
0.0
0.0
0.0
0.0
0.0
0.0
0.0
0.0
0.0
0.0
0.0
0.0
0.0
0.0
0.0
0.0
0.0
0.0
0.0
0.0
0.0
0.0
0.0
0.0
0.0
0.0
0.0
0.0
0.0
0.0
0.0
0.0
0.0
0.0
0.0
0.0
0.0
0.0
0.0
0.0
0.0
0.0
0.0
0.0
0.0
0.0
0.0
0.0
0.0
0.0
0.0
0.0
0.0
0.0
0.0
0.0
0.0
0.0
0.0
0.0
0.0
0.0
0.0
0.0
0.0
0.0
1.0
1.0
1.0
1.0
1.0
1.0
1.0
1.0
1.0
1.0
0.998
0.986
0.89
0.702
0.518
0.338
0.256
0.2
0.162
0.124
0.1
0.072
0.066
0.05
0.044
0.034
0.032
0.03
0.02
0.012
0.008
0.006
0.006
0.006
0.004
0.002
0.002
0.002
0.002
0.002
0.002
0.0
0.0
0.0
0.0
0.0
0.0
0.0
0.0
0.0
0.0
0.0
0.0
0.0
0.0
0.0
0.0
0.0
0.0
0.0
0.0
0.0
0.0
0.0
0.0
0.0
0.0
0.0
0.0
0.0
0.0
0.0
0.0
0.0
0.0
0.0
0.0
0.0
0.0
0.0
0.0
0.0
0.0
0.0
0.0
0.0
0.0
0.0
0.0
0.0
0.0
0.0
0.0
0.0
0.0
0.0
0.0
0.0
0.0
0.0
0.0
0.0
0.0
0.0
0.0
0.0
0.0
0.0
0.0
0.0
0.0
0.0
0.0
0.0
0.0
0.0
0.0
0.0
0.0
0.0
0.0
0.0
0.0
0.0
0.0
0.0
0.0
0.0
0.0
0.0
0.0
0.0
0.0
0.0
0.0
0.0
0.0
0.0
0.0
0.0
0.0
0.0
0.0
0.0
0.0
0.0
0.0
0.0
0.0
0.0
0.0
0.0
0.0
0.0
0.0
0.0
0.0
0.0
0.0
0.0
0.0
0.0
0.0
0.0
0.0
0.0
0.0
0.0
0.0
0.0
0.0
0.0
0.0
0.0
0.0
0.0
0.0
0.0
0.0
0.0
0.0
0.0
0.0
0.0
0.0
0.0
0.0
0.0
0.0
0.0
0.0
0.0
0.0
0.0
0.0
0.0
0.0
0.0
0.0
0.0
0.0
1.0
1.0
1.0
1.0
1.0
1.0
1.0
1.0
1.0
1.0
1.0
1.0
0.998
0.99
0.97
0.922
0.87
0.832
0.786
0.762
0.74
0.702
0.682
0.652
0.622
0.616
0.596
0.578
0.552
0.526
0.502
0.47
0.448
0.422
0.41
0.392
0.376
0.356
0.334
0.318
0.296
0.274
0.26
0.256
0.244
0.238
0.226
0.198
0.194
0.192
0.18
0.17
0.152
0.148
0.144
0.138
0.13
0.126
0.12
0.118
0.114
0.108
0.104
0.102
0.094
0.088
0.076
0.076
0.076
0.07
0.07
0.064
0.058
0.054
0.054
0.054
0.054
0.052
0.048
0.044
0.04
0.04
0.036
0.034
0.034
0.034
0.032
0.03
0.03
0.028
0.026
0.026
0.026
0.026
0.024
0.022
0.022
0.022
0.02
0.02
0.018
0.018
0.018
0.016
0.016
0.014
0.014
0.014
0.014
0.012
0.012
0.012
0.012
0.012
0.012
0.012
0.01
0.01
0.01
0.01
0.01
0.01
0.008
0.008
0.008
0.008
0.008
0.008
0.008
0.008
0.008
0.004
0.004
0.002
0.0
0.0
0.0
0.0
0.0
0.0
0.0
0.0
0.0
0.0
0.0
0.0
0.0
0.0
0.0
0.0
0.0
0.0
0.0
0.0
0.0
0.0
0.0
0.0
0.0
0.0
0.0
0.0
0.0
0.0
0.0
0.0
0.0
0.0
0.0
0.0
0.0
0.0
0.0
0.0
0.0
0.0
0.0
0.0
0.0
0.0
0.0
0.0
0.0
0.0
0.0
0.0
0.0
0.0
0.0
0.0
0.0
0.0
0.0
0.0
0.0
0.0
0.0
0.0
0.0
0.0
0.0
1.0
1.0
1.0
1.0
1.0
1.0
1.0
1.0
1.0
1.0
1.0
1.0
1.0
0.99
0.978
0.962
0.946
0.932
0.92
0.902
0.892
0.88
0.864
0.848
0.838
0.822
0.808
0.798
0.788
0.782
0.782
0.776
0.756
0.734
0.732
0.72
0.706
0.692
0.674
0.658
0.648
0.638
0.628
0.62
0.616
0.604
0.59
0.586
0.574
0.568
0.562
0.542
0.532
0.532
0.518
0.506
0.486
0.484
0.474
0.462
0.452
0.438
0.428
0.426
0.416
0.412
0.408
0.4
0.392
0.382
0.38
0.364
0.358
0.346
0.344
0.342
0.338
0.332
0.328
0.326
0.32
0.314
0.308
0.306
0.302
0.296
0.29
0.286
0.284
0.282
0.28
0.28
0.276
0.266
0.258
0.254
0.25
0.25
0.246
0.244
0.236
0.232
0.23
0.226
0.222
0.218
0.216
0.212
0.204
0.2
0.196
0.19
0.186
0.182
0.176
0.172
0.168
0.166
0.164
0.16
0.158
0.158
0.156
0.154
0.152
0.15
0.15
0.15
0.146
0.144
0.144
0.144
0.142
0.136
0.13
0.128
0.122
0.122
0.12
0.116
0.112
0.11
0.108
0.108
0.102
0.1
0.096
0.094
0.088
0.086
0.084
0.082
0.082
0.08
0.08
0.076
0.076
0.076
0.072
0.072
0.072
0.07
0.07
0.07
0.07
0.066
0.062
0.06
0.06
0.056
0.056
0.056
0.056
0.056
0.056
0.056
0.056
0.056
0.056
0.056
0.056
0.056
0.054
0.052
0.052
0.05
0.048
0.048
0.048
0.048
0.048
0.044
0.044
0.044
0.04
0.038
0.038
0.038
0.038
0.036
0.036
1.0
1.0
1.0
1.0
1.0
1.0
1.0
1.0
1.0
1.0
1.0
1.0
1.0
1.0
0.99
0.976
0.962
0.946
0.936
0.916
0.898
0.888
0.882
0.868
0.86
0.848
0.838
0.826
0.81
0.794
0.786
0.78
0.78
0.768
0.748
0.742
0.73
0.726
0.714
0.702
0.688
0.67
0.66
0.656
0.646
0.642
0.64
0.64
0.624
0.612
0.608
0.592
0.582
0.576
0.566
0.558
0.552
0.548
0.534
0.526
0.522
0.512
0.502
0.494
0.484
0.476
0.472
0.47
0.466
0.462
0.458
0.448
0.442
0.434
0.428
0.422
0.416
0.416
0.416
0.408
0.398
0.392
0.384
0.378
0.372
0.372
0.362
0.36
0.354
0.348
0.34
0.34
0.338
0.334
0.326
0.32
0.314
0.31
0.308
0.302
0.3
0.292
0.29
0.282
0.28
0.274
0.27
0.262
0.26
0.256
0.254
0.248
0.244
0.24
0.236
0.228
0.226
0.222
0.218
0.216
0.21
0.206
0.206
0.2
0.186
0.182
0.182
0.18
0.178
0.178
0.174
0.168
0.16
0.154
0.154
0.152
0.15
0.15
0.148
0.146
0.146
0.146
0.142
0.136
0.134
0.132
0.132
0.13
0.124
0.122
0.122
0.118
0.114
0.114
0.112
0.112
0.112
0.112
0.108
0.108
0.106
0.104
0.104
0.1
0.1
0.1
0.1
0.1
0.1
0.1
0.1
0.098
0.096
0.096
0.096
0.094
0.094
0.09
0.09
0.088
0.086
0.082
0.08
0.08
0.076
0.074
0.074
0.072
0.07
0.066
0.066
0.066
0.066
0.062
0.062
0.06
0.06
0.058
0.056
0.056
0.054
1.0
1.0
1.0
1.0
1.0
1.0
1.0
1.0
1.0
1.0
0.998
0.946
0.734
0.312
0.062
0.012
0.002
0.0
0.0
0.0
0.0
0.0
0.0
0.0
0.0
0.0
0.0
0.0
0.0
0.0
0.0
0.0
0.0
0.0
0.0
0.0
0.0
0.0
0.0
0.0
0.0
0.0
0.0
0.0
0.0
0.0
0.0
0.0
0.0
0.0
0.0
0.0
0.0
0.0
0.0
0.0
0.0
0.0
0.0
0.0
0.0
0.0
0.0
0.0
0.0
0.0
0.0
0.0
0.0
0.0
0.0
0.0
0.0
0.0
0.0
0.0
0.0
0.0
0.0
0.0
0.0
0.0
0.0
0.0
0.0
0.0
0.0
0.0
0.0
0.0
0.0
0.0
0.0
0.0
0.0
0.0
0.0
0.0
0.0
0.0
0.0
0.0
0.0
0.0
0.0
0.0
0.0
0.0
0.0
0.0
0.0
0.0
0.0
0.0
0.0
0.0
0.0
0.0
0.0
0.0
0.0
0.0
0.0
0.0
0.0
0.0
0.0
0.0
0.0
0.0
0.0
0.0
0.0
0.0
0.0
0.0
0.0
0.0
0.0
0.0
0.0
0.0
0.0
0.0
0.0
0.0
0.0
0.0
0.0
0.0
0.0
0.0
0.0
0.0
0.0
0.0
0.0
0.0
0.0
0.0
0.0
0.0
0.0
0.0
0.0
0.0
0.0
0.0
0.0
0.0
0.0
0.0
0.0
0.0
0.0
0.0
0.0
0.0
0.0
0.0
0.0
0.0
0.0
0.0
0.0
0.0
0.0
0.0
0.0
0.0
0.0
0.0
0.0
0.0
0.0
0.0
0.0
0.0
0.0
0.0
0.0
1.0
1.0
1.0
1.0
1.0
1.0
1.0
1.0
1.0
1.0
0.996
0.962
0.742
0.322
0.07
0.026
0.002
0.0
0.0
0.0
0.0
0.0
0.0
0.0
0.0
0.0
0.0
0.0
0.0
0.0
0.0
0.0
0.0
0.0
0.0
0.0
0.0
0.0
0.0
0.0
0.0
0.0
0.0
0.0
0.0
0.0
0.0
0.0
0.0
0.0
0.0
0.0
0.0
0.0
0.0
0.0
0.0
0.0
0.0
0.0
0.0
0.0
0.0
0.0
0.0
0.0
0.0
0.0
0.0
0.0
0.0
0.0
0.0
0.0
0.0
0.0
0.0
0.0
0.0
0.0
0.0
0.0
0.0
0.0
0.0
0.0
0.0
0.0
0.0
0.0
0.0
0.0
0.0
0.0
0.0
0.0
0.0
0.0
0.0
0.0
0.0
0.0
0.0
0.0
0.0
0.0
0.0
0.0
0.0
0.0
0.0
0.0
0.0
0.0
0.0
0.0
0.0
0.0
0.0
0.0
0.0
0.0
0.0
0.0
0.0
0.0
0.0
0.0
0.0
0.0
0.0
0.0
0.0
0.0
0.0
0.0
0.0
0.0
0.0
0.0
0.0
0.0
0.0
0.0
0.0
0.0
0.0
0.0
0.0
0.0
0.0
0.0
0.0
0.0
0.0
0.0
0.0
0.0
0.0
0.0
0.0
0.0
0.0
0.0
0.0
0.0
0.0
0.0
0.0
0.0
0.0
0.0
0.0
0.0
0.0
0.0
0.0
0.0
0.0
0.0
0.0
0.0
0.0
0.0
0.0
0.0
0.0
0.0
0.0
0.0
0.0
0.0
0.0
0.0
0.0
0.0
0.0
0.0
0.0
0.0
0.0
1.0
1.0
1.0
1.0
1.0
1.0
1.0
1.0
1.0
1.0
0.998
0.96
0.774
0.38
0.07
0.018
0.006
0.004
0.002
0.0
0.0
0.0
0.0
0.0
0.0
0.0
0.0
0.0
0.0
0.0
0.0
0.0
0.0
0.0
0.0
0.0
0.0
0.0
0.0
0.0
0.0
0.0
0.0
0.0
0.0
0.0
0.0
0.0
0.0
0.0
0.0
0.0
0.0
0.0
0.0
0.0
0.0
0.0
0.0
0.0
0.0
0.0
0.0
0.0
0.0
0.0
0.0
0.0
0.0
0.0
0.0
0.0
0.0
0.0
0.0
0.0
0.0
0.0
0.0
0.0
0.0
0.0
0.0
0.0
0.0
0.0
0.0
0.0
0.0
0.0
0.0
0.0
0.0
0.0
0.0
0.0
0.0
0.0
0.0
0.0
0.0
0.0
0.0
0.0
0.0
0.0
0.0
0.0
0.0
0.0
0.0
0.0
0.0
0.0
0.0
0.0
0.0
0.0
0.0
0.0
0.0
0.0
0.0
0.0
0.0
0.0
0.0
0.0
0.0
0.0
0.0
0.0
0.0
0.0
0.0
0.0
0.0
0.0
0.0
0.0
0.0
0.0
0.0
0.0
0.0
0.0
0.0
0.0
0.0
0.0
0.0
0.0
0.0
0.0
0.0
0.0
0.0
0.0
0.0
0.0
0.0
0.0
0.0
0.0
0.0
0.0
0.0
0.0
0.0
0.0
0.0
0.0
0.0
0.0
0.0
0.0
0.0
0.0
0.0
0.0
0.0
0.0
0.0
0.0
0.0
0.0
0.0
0.0
0.0
0.0
0.0
0.0
0.0
0.0
0.0
0.0
0.0
0.0
0.0
0.0
0.0
1.0
1.0
1.0
1.0
1.0
1.0
1.0
1.0
1.0
1.0
0.998
0.966
0.768
0.384
0.064
0.022
0.012
0.002
0.002
0.002
0.002
0.002
0.002
0.002
0.0
0.0
0.0
0.0
0.0
0.0
0.0
0.0
0.0
0.0
0.0
0.0
0.0
0.0
0.0
0.0
0.0
0.0
0.0
0.0
0.0
0.0
0.0
0.0
0.0
0.0
0.0
0.0
0.0
0.0
0.0
0.0
0.0
0.0
0.0
0.0
0.0
0.0
0.0
0.0
0.0
0.0
0.0
0.0
0.0
0.0
0.0
0.0
0.0
0.0
0.0
0.0
0.0
0.0
0.0
0.0
0.0
0.0
0.0
0.0
0.0
0.0
0.0
0.0
0.0
0.0
0.0
0.0
0.0
0.0
0.0
0.0
0.0
0.0
0.0
0.0
0.0
0.0
0.0
0.0
0.0
0.0
0.0
0.0
0.0
0.0
0.0
0.0
0.0
0.0
0.0
0.0
0.0
0.0
0.0
0.0
0.0
0.0
0.0
0.0
0.0
0.0
0.0
0.0
0.0
0.0
0.0
0.0
0.0
0.0
0.0
0.0
0.0
0.0
0.0
0.0
0.0
0.0
0.0
0.0
0.0
0.0
0.0
0.0
0.0
0.0
0.0
0.0
0.0
0.0
0.0
0.0
0.0
0.0
0.0
0.0
0.0
0.0
0.0
0.0
0.0
0.0
0.0
0.0
0.0
0.0
0.0
0.0
0.0
0.0
0.0
0.0
0.0
0.0
0.0
0.0
0.0
0.0
0.0
0.0
0.0
0.0
0.0
0.0
0.0
0.0
0.0
0.0
0.0
0.0
0.0
0.0
0.0
0.0
0.0
0.0
0.0
1.0
1.0
1.0
1.0
1.0
1.0
1.0
1.0
1.0
1.0
0.996
0.99
0.934
0.786
0.542
0.398
0.304
0.226
0.178
0.14
0.106
0.082
0.062
0.05
0.044
0.034
0.03
0.024
0.02
0.016
0.016
0.008
0.008
0.006
0.006
0.004
0.004
0.004
0.004
0.004
0.004
0.004
0.002
0.002
0.002
0.0
0.0
0.0
0.0
0.0
0.0
0.0
0.0
0.0
0.0
0.0
0.0
0.0
0.0
0.0
0.0
0.0
0.0
0.0
0.0
0.0
0.0
0.0
0.0
0.0
0.0
0.0
0.0
0.0
0.0
0.0
0.0
0.0
0.0
0.0
0.0
0.0
0.0
0.0
0.0
0.0
0.0
0.0
0.0
0.0
0.0
0.0
0.0
0.0
0.0
0.0
0.0
0.0
0.0
0.0
0.0
0.0
0.0
0.0
0.0
0.0
0.0
0.0
0.0
0.0
0.0
0.0
0.0
0.0
0.0
0.0
0.0
0.0
0.0
0.0
0.0
0.0
0.0
0.0
0.0
0.0
0.0
0.0
0.0
0.0
0.0
0.0
0.0
0.0
0.0
0.0
0.0
0.0
0.0
0.0
0.0
0.0
0.0
0.0
0.0
0.0
0.0
0.0
0.0
0.0
0.0
0.0
0.0
0.0
0.0
0.0
0.0
0.0
0.0
0.0
0.0
0.0
0.0
0.0
0.0
0.0
0.0
0.0
0.0
0.0
0.0
0.0
0.0
0.0
0.0
0.0
0.0
0.0
0.0
0.0
0.0
0.0
0.0
0.0
0.0
0.0
0.0
0.0
0.0
0.0
0.0
0.0
0.0
0.0
0.0
0.0
0.0
0.0
0.0
0.0
0.0
1.0
1.0
1.0
1.0
1.0
1.0
1.0
1.0
1.0
1.0
1.0
0.996
0.994
0.988
0.956
0.914
0.874
0.84
0.806
0.774
0.73
0.71
0.678
0.652
0.622
0.594
0.56
0.538
0.506
0.494
0.472
0.456
0.428
0.408
0.394
0.378
0.362
0.34
0.33
0.318
0.3
0.292
0.278
0.266
0.254
0.242
0.228
0.216
0.206
0.202
0.194
0.18
0.172
0.168
0.164
0.162
0.156
0.142
0.13
0.13
0.13
0.124
0.124
0.116
0.112
0.102
0.098
0.096
0.094
0.094
0.094
0.092
0.086
0.086
0.086
0.082
0.076
0.07
0.068
0.064
0.062
0.058
0.056
0.054
0.054
0.052
0.05
0.048
0.044
0.044
0.044
0.044
0.044
0.042
0.042
0.034
0.03
0.028
0.028
0.028
0.028
0.028
0.028
0.026
0.026
0.026
0.022
0.02
0.02
0.02
0.018
0.018
0.018
0.018
0.014
0.014
0.014
0.014
0.014
0.012
0.012
0.01
0.01
0.01
0.01
0.01
0.01
0.01
0.01
0.01
0.01
0.01
0.01
0.01
0.01
0.01
0.01
0.01
0.01
0.01
0.01
0.008
0.008
0.008
0.008
0.006
0.006
0.006
0.006
0.006
0.006
0.006
0.006
0.006
0.006
0.006
0.006
0.004
0.004
0.002
0.002
0.002
0.002
0.002
0.002
0.002
0.002
0.002
0.002
0.002
0.002
0.002
0.002
0.002
0.002
0.002
0.002
0.002
0.002
0.002
0.002
0.002
0.0
0.0
0.0
0.0
0.0
0.0
0.0
0.0
0.0
0.0
0.0
0.0
0.0
0.0
0.0
0.0
0.0
0.0
0.0
1.0
1.0
1.0
1.0
1.0
1.0
1.0
1.0
1.0
1.0
1.0
1.0
0.998
0.996
0.986
0.966
0.954
0.942
0.934
0.922
0.904
0.88
0.876
0.868
0.854
0.848
0.836
0.822
0.806
0.794
0.784
0.778
0.766
0.752
0.74
0.734
0.726
0.72
0.708
0.7
0.69
0.678
0.664
0.66
0.65
0.638
0.628
0.62
0.612
0.604
0.588
0.57
0.566
0.556
0.552
0.528
0.528
0.522
0.51
0.502
0.494
0.482
0.476
0.466
0.458
0.448
0.438
0.426
0.424
0.422
0.414
0.402
0.398
0.396
0.39
0.384
0.38
0.376
0.374
0.37
0.366
0.362
0.358
0.356
0.356
0.35
0.344
0.344
0.34
0.338
0.33
0.328
0.326
0.324
0.322
0.312
0.308
0.302
0.298
0.296
0.296
0.294
0.286
0.282
0.272
0.266
0.262
0.254
0.25
0.242
0.24
0.238
0.234
0.232
0.23
0.228
0.224
0.222
0.216
0.214
0.212
0.21
0.204
0.2
0.194
0.194
0.19
0.184
0.184
0.18
0.178
0.17
0.166
0.166
0.164
0.162
0.16
0.158
0.156
0.15
0.148
0.146
0.146
0.142
0.14
0.14
0.14
0.138
0.138
0.136
0.136
0.134
0.128
0.126
0.126
0.124
0.124
0.124
0.122
0.12
0.118
0.118
0.114
0.112
0.112
0.11
0.11
0.11
0.108
0.108
0.108
0.108
0.106
0.106
0.106
0.1
0.1
0.1
0.098
0.098
0.096
0.094
0.094
0.094
0.094
0.092
0.092
0.092
0.09
0.09
0.09
0.086
0.084
0.082
0.08
0.078
0.076
0.076
0.076
0.074
0.074
1.0
1.0
1.0
1.0
1.0
1.0
1.0
1.0
1.0
1.0
1.0
1.0
1.0
0.998
0.992
0.98
0.968
0.962
0.95
0.94
0.924
0.918
0.904
0.898
0.892
0.882
0.866
0.854
0.846
0.832
0.824
0.82
0.812
0.806
0.802
0.792
0.782
0.776
0.764
0.752
0.736
0.724
0.72
0.708
0.702
0.694
0.69
0.68
0.67
0.666
0.658
0.64
0.634
0.63
0.624
0.618
0.608
0.6
0.59
0.584
0.576
0.574
0.566
0.558
0.554
0.552
0.544
0.536
0.52
0.512
0.506
0.5
0.494
0.494
0.494
0.488
0.48
0.476
0.466
0.462
0.458
0.452
0.444
0.44
0.426
0.414
0.408
0.404
0.394
0.386
0.38
0.38
0.378
0.376
0.37
0.364
0.36
0.352
0.346
0.346
0.342
0.34
0.338
0.336
0.33
0.322
0.318
0.312
0.31
0.308
0.302
0.3
0.298
0.292
0.286
0.284
0.284
0.28
0.272
0.268
0.266
0.264
0.26
0.26
0.258
0.252
0.246
0.246
0.244
0.24
0.234
0.232
0.228
0.224
0.216
0.212
0.212
0.21
0.21
0.208
0.204
0.2
0.198
0.196
0.194
0.194
0.186
0.18
0.178
0.176
0.176
0.174
0.172
0.166
0.166
0.162
0.16
0.16
0.158
0.156
0.154
0.154
0.152
0.152
0.15
0.15
0.146
0.144
0.138
0.134
0.128
0.124
0.122
0.122
0.122
0.12
0.116
0.11
0.11
0.11
0.11
0.11
0.11
0.11
0.11
0.106
0.106
0.106
0.106
0.104
0.102
0.1
0.098
0.098
0.096
0.094
0.094
0.092
0.092
0.092
0.092
1.0
1.0
1.0
1.0
1.0
1.0
1.0
1.0
1.0
1.0
1.0
0.982
0.838
0.46
0.118
0.024
0.002
0.0
0.0
0.0
0.0
0.0
0.0
0.0
0.0
0.0
0.0
0.0
0.0
0.0
0.0
0.0
0.0
0.0
0.0
0.0
0.0
0.0
0.0
0.0
0.0
0.0
0.0
0.0
0.0
0.0
0.0
0.0
0.0
0.0
0.0
0.0
0.0
0.0
0.0
0.0
0.0
0.0
0.0
0.0
0.0
0.0
0.0
0.0
0.0
0.0
0.0
0.0
0.0
0.0
0.0
0.0
0.0
0.0
0.0
0.0
0.0
0.0
0.0
0.0
0.0
0.0
0.0
0.0
0.0
0.0
0.0
0.0
0.0
0.0
0.0
0.0
0.0
0.0
0.0
0.0
0.0
0.0
0.0
0.0
0.0
0.0
0.0
0.0
0.0
0.0
0.0
0.0
0.0
0.0
0.0
0.0
0.0
0.0
0.0
0.0
0.0
0.0
0.0
0.0
0.0
0.0
0.0
0.0
0.0
0.0
0.0
0.0
0.0
0.0
0.0
0.0
0.0
0.0
0.0
0.0
0.0
0.0
0.0
0.0
0.0
0.0
0.0
0.0
0.0
0.0
0.0
0.0
0.0
0.0
0.0
0.0
0.0
0.0
0.0
0.0
0.0
0.0
0.0
0.0
0.0
0.0
0.0
0.0
0.0
0.0
0.0
0.0
0.0
0.0
0.0
0.0
0.0
0.0
0.0
0.0
0.0
0.0
0.0
0.0
0.0
0.0
0.0
0.0
0.0
0.0
0.0
0.0
0.0
0.0
0.0
0.0
0.0
0.0
0.0
0.0
0.0
0.0
0.0
0.0
0.0
1.0
1.0
1.0
1.0
1.0
1.0
1.0
1.0
1.0
1.0
0.996
0.98
0.856
0.468
0.136
0.038
0.008
0.002
0.0
0.0
0.0
0.0
0.0
0.0
0.0
0.0
0.0
0.0
0.0
0.0
0.0
0.0
0.0
0.0
0.0
0.0
0.0
0.0
0.0
0.0
0.0
0.0
0.0
0.0
0.0
0.0
0.0
0.0
0.0
0.0
0.0
0.0
0.0
0.0
0.0
0.0
0.0
0.0
0.0
0.0
0.0
0.0
0.0
0.0
0.0
0.0
0.0
0.0
0.0
0.0
0.0
0.0
0.0
0.0
0.0
0.0
0.0
0.0
0.0
0.0
0.0
0.0
0.0
0.0
0.0
0.0
0.0
0.0
0.0
0.0
0.0
0.0
0.0
0.0
0.0
0.0
0.0
0.0
0.0
0.0
0.0
0.0
0.0
0.0
0.0
0.0
0.0
0.0
0.0
0.0
0.0
0.0
0.0
0.0
0.0
0.0
0.0
0.0
0.0
0.0
0.0
0.0
0.0
0.0
0.0
0.0
0.0
0.0
0.0
0.0
0.0
0.0
0.0
0.0
0.0
0.0
0.0
0.0
0.0
0.0
0.0
0.0
0.0
0.0
0.0
0.0
0.0
0.0
0.0
0.0
0.0
0.0
0.0
0.0
0.0
0.0
0.0
0.0
0.0
0.0
0.0
0.0
0.0
0.0
0.0
0.0
0.0
0.0
0.0
0.0
0.0
0.0
0.0
0.0
0.0
0.0
0.0
0.0
0.0
0.0
0.0
0.0
0.0
0.0
0.0
0.0
0.0
0.0
0.0
0.0
0.0
0.0
0.0
0.0
0.0
0.0
0.0
0.0
0.0
0.0
0.0
1.0
1.0
1.0
1.0
1.0
1.0
1.0
1.0
1.0
1.0
0.998
0.98
0.866
0.52
0.116
0.024
0.008
0.006
0.0
0.0
0.0
0.0
0.0
0.0
0.0
0.0
0.0
0.0
0.0
0.0
0.0
0.0
0.0
0.0
0.0
0.0
0.0
0.0
0.0
0.0
0.0
0.0
0.0
0.0
0.0
0.0
0.0
0.0
0.0
0.0
0.0
0.0
0.0
0.0
0.0
0.0
0.0
0.0
0.0
0.0
0.0
0.0
0.0
0.0
0.0
0.0
0.0
0.0
0.0
0.0
0.0
0.0
0.0
0.0
0.0
0.0
0.0
0.0
0.0
0.0
0.0
0.0
0.0
0.0
0.0
0.0
0.0
0.0
0.0
0.0
0.0
0.0
0.0
0.0
0.0
0.0
0.0
0.0
0.0
0.0
0.0
0.0
0.0
0.0
0.0
0.0
0.0
0.0
0.0
0.0
0.0
0.0
0.0
0.0
0.0
0.0
0.0
0.0
0.0
0.0
0.0
0.0
0.0
0.0
0.0
0.0
0.0
0.0
0.0
0.0
0.0
0.0
0.0
0.0
0.0
0.0
0.0
0.0
0.0
0.0
0.0
0.0
0.0
0.0
0.0
0.0
0.0
0.0
0.0
0.0
0.0
0.0
0.0
0.0
0.0
0.0
0.0
0.0
0.0
0.0
0.0
0.0
0.0
0.0
0.0
0.0
0.0
0.0
0.0
0.0
0.0
0.0
0.0
0.0
0.0
0.0
0.0
0.0
0.0
0.0
0.0
0.0
0.0
0.0
0.0
0.0
0.0
0.0
0.0
0.0
0.0
0.0
0.0
0.0
0.0
0.0
0.0
0.0
0.0
0.0
0.0
1.0
1.0
1.0
1.0
1.0
1.0
1.0
1.0
1.0
1.0
0.998
0.982
0.874
0.556
0.156
0.046
0.018
0.01
0.008
0.004
0.004
0.002
0.002
0.002
0.002
0.002
0.002
0.002
0.002
0.002
0.002
0.002
0.0
0.0
0.0
0.0
0.0
0.0
0.0
0.0
0.0
0.0
0.0
0.0
0.0
0.0
0.0
0.0
0.0
0.0
0.0
0.0
0.0
0.0
0.0
0.0
0.0
0.0
0.0
0.0
0.0
0.0
0.0
0.0
0.0
0.0
0.0
0.0
0.0
0.0
0.0
0.0
0.0
0.0
0.0
0.0
0.0
0.0
0.0
0.0
0.0
0.0
0.0
0.0
0.0
0.0
0.0
0.0
0.0
0.0
0.0
0.0
0.0
0.0
0.0
0.0
0.0
0.0
0.0
0.0
0.0
0.0
0.0
0.0
0.0
0.0
0.0
0.0
0.0
0.0
0.0
0.0
0.0
0.0
0.0
0.0
0.0
0.0
0.0
0.0
0.0
0.0
0.0
0.0
0.0
0.0
0.0
0.0
0.0
0.0
0.0
0.0
0.0
0.0
0.0
0.0
0.0
0.0
0.0
0.0
0.0
0.0
0.0
0.0
0.0
0.0
0.0
0.0
0.0
0.0
0.0
0.0
0.0
0.0
0.0
0.0
0.0
0.0
0.0
0.0
0.0
0.0
0.0
0.0
0.0
0.0
0.0
0.0
0.0
0.0
0.0
0.0
0.0
0.0
0.0
0.0
0.0
0.0
0.0
0.0
0.0
0.0
0.0
0.0
0.0
0.0
0.0
0.0
0.0
0.0
0.0
0.0
0.0
0.0
0.0
0.0
0.0
0.0
0.0
0.0
0.0
1.0
1.0
1.0
1.0
1.0
1.0
1.0
1.0
1.0
1.0
1.0
0.996
0.98
0.878
0.696
0.5
0.384
0.296
0.248
0.198
0.16
0.132
0.098
0.082
0.074
0.066
0.048
0.04
0.036
0.034
0.024
0.022
0.018
0.014
0.014
0.014
0.014
0.014
0.012
0.01
0.01
0.008
0.008
0.006
0.004
0.004
0.002
0.0
0.0
0.0
0.0
0.0
0.0
0.0
0.0
0.0
0.0
0.0
0.0
0.0
0.0
0.0
0.0
0.0
0.0
0.0
0.0
0.0
0.0
0.0
0.0
0.0
0.0
0.0
0.0
0.0
0.0
0.0
0.0
0.0
0.0
0.0
0.0
0.0
0.0
0.0
0.0
0.0
0.0
0.0
0.0
0.0
0.0
0.0
0.0
0.0
0.0
0.0
0.0
0.0
0.0
0.0
0.0
0.0
0.0
0.0
0.0
0.0
0.0
0.0
0.0
0.0
0.0
0.0
0.0
0.0
0.0
0.0
0.0
0.0
0.0
0.0
0.0
0.0
0.0
0.0
0.0
0.0
0.0
0.0
0.0
0.0
0.0
0.0
0.0
0.0
0.0
0.0
0.0
0.0
0.0
0.0
0.0
0.0
0.0
0.0
0.0
0.0
0.0
0.0
0.0
0.0
0.0
0.0
0.0
0.0
0.0
0.0
0.0
0.0
0.0
0.0
0.0
0.0
0.0
0.0
0.0
0.0
0.0
0.0
0.0
0.0
0.0
0.0
0.0
0.0
0.0
0.0
0.0
0.0
0.0
0.0
0.0
0.0
0.0
0.0
0.0
0.0
0.0
0.0
0.0
0.0
0.0
0.0
0.0
0.0
0.0
0.0
0.0
0.0
0.0
1.0
1.0
1.0
1.0
1.0
1.0
1.0
1.0
1.0
1.0
1.0
1.0
0.996
0.984
0.976
0.952
0.924
0.894
0.872
0.842
0.816
0.784
0.756
0.726
0.69
0.664
0.638
0.608
0.582
0.558
0.534
0.512
0.498
0.48
0.45
0.432
0.42
0.402
0.392
0.37
0.364
0.356
0.338
0.324
0.312
0.306
0.288
0.282
0.272
0.262
0.244
0.238
0.234
0.228
0.222
0.212
0.21
0.2
0.192
0.186
0.182
0.18
0.174
0.168
0.162
0.156
0.148
0.142
0.13
0.126
0.118
0.114
0.11
0.106
0.102
0.094
0.092
0.086
0.084
0.08
0.078
0.074
0.072
0.07
0.068
0.062
0.062
0.062
0.06
0.06
0.056
0.056
0.048
0.048
0.048
0.044
0.042
0.036
0.036
0.034
0.034
0.032
0.032
0.032
0.032
0.03
0.024
0.022
0.022
0.022
0.02
0.02
0.018
0.018
0.016
0.014
0.014
0.014
0.012
0.012
0.012
0.012
0.012
0.012
0.012
0.012
0.012
0.012
0.012
0.012
0.012
0.012
0.012
0.012
0.01
0.01
0.01
0.01
0.01
0.01
0.01
0.01
0.01
0.008
0.008
0.008
0.008
0.008
0.008
0.008
0.008
0.008
0.008
0.008
0.008
0.008
0.008
0.008
0.008
0.008
0.008
0.008
0.006
0.006
0.006
0.006
0.006
0.004
0.004
0.004
0.004
0.004
0.004
0.004
0.004
0.004
0.004
0.004
0.004
0.004
0.004
0.002
0.002
0.0
0.0
0.0
0.0
0.0
0.0
0.0
0.0
0.0
0.0
0.0
0.0
0.0
0.0
0.0
0.0
0.0
0.0
1.0
1.0
1.0
1.0
1.0
1.0
1.0
1.0
1.0
1.0
1.0
0.998
0.994
0.994
0.99
0.98
0.976
0.964
0.952
0.946
0.934
0.926
0.918
0.9
0.888
0.874
0.856
0.84
0.82
0.814
0.798
0.78
0.774
0.762
0.754
0.744
0.738
0.722
0.716
0.706
0.694
0.692
0.692
0.674
0.66
0.654
0.648
0.642
0.63
0.622
0.614
0.602
0.59
0.59
0.584
0.58
0.57
0.568
0.56
0.554
0.544
0.532
0.524
0.52
0.506
0.496
0.494
0.488
0.482
0.466
0.46
0.452
0.438
0.436
0.428
0.428
0.426
0.418
0.414
0.41
0.404
0.402
0.394
0.392
0.378
0.37
0.37
0.366
0.36
0.358
0.354
0.348
0.344
0.338
0.338
0.326
0.322
0.312
0.31
0.296
0.288
0.286
0.284
0.28
0.272
0.27
0.268
0.264
0.262
0.262
0.256
0.256
0.254
0.25
0.238
0.23
0.226
0.224
0.218
0.216
0.214
0.214
0.212
0.21
0.208
0.202
0.198
0.196
0.194
0.192
0.192
0.192
0.188
0.188
0.184
0.182
0.178
0.176
0.174
0.172
0.17
0.168
0.166
0.162
0.162
0.158
0.154
0.154
0.152
0.15
0.15
0.146
0.146
0.144
0.14
0.138
0.138
0.138
0.138
0.134
0.134
0.134
0.134
0.132
0.128
0.126
0.126
0.124
0.122
0.12
0.12
0.12
0.12
0.12
0.12
0.12
0.12
0.12
0.118
0.118
0.118
0.116
0.114
0.112
0.112
0.106
0.102
0.096
0.094
0.092
0.092
0.092
0.092
0.09
0.09
0.088
0.086
0.086
0.086
0.084
0.084
1.0
1.0
1.0
1.0
1.0
1.0
1.0
1.0
1.0
1.0
1.0
1.0
1.0
0.996
0.986
0.98
0.974
0.962
0.956
0.948
0.94
0.932
0.918
0.904
0.894
0.886
0.878
0.872
0.866
0.854
0.842
0.834
0.828
0.822
0.81
0.804
0.8
0.792
0.782
0.776
0.766
0.758
0.754
0.738
0.732
0.72
0.708
0.704
0.69
0.682
0.672
0.666
0.654
0.642
0.636
0.636
0.626
0.624
0.616
0.606
0.596
0.582
0.58
0.572
0.57
0.564
0.556
0.548
0.54
0.536
0.526
0.522
0.514
0.514
0.512
0.504
0.492
0.49
0.484
0.482
0.476
0.476
0.466
0.458
0.456
0.45
0.444
0.442
0.436
0.43
0.422
0.42
0.414
0.41
0.404
0.4
0.392
0.39
0.386
0.382
0.376
0.37
0.368
0.366
0.362
0.358
0.354
0.348
0.344
0.34
0.34
0.336
0.33
0.326
0.322
0.316
0.312
0.31
0.308
0.304
0.302
0.296
0.292
0.29
0.288
0.284
0.284
0.28
0.276
0.274
0.272
0.264
0.262
0.258
0.256
0.254
0.25
0.244
0.244
0.244
0.244
0.242
0.24
0.236
0.234
0.228
0.226
0.224
0.222
0.214
0.214
0.212
0.21
0.202
0.198
0.194
0.194
0.192
0.19
0.188
0.188
0.188
0.184
0.184
0.182
0.176
0.176
0.176
0.176
0.174
0.17
0.17
0.168
0.164
0.164
0.164
0.164
0.162
0.162
0.158
0.15
0.148
0.148
0.144
0.144
0.142
0.136
0.136
0.134
0.132
0.132
0.132
0.13
0.128
0.126
0.122
0.122
0.122
0.122
0.122
0.122
1.0
1.0
1.0
1.0
1.0
1.0
1.0
1.0
1.0
1.0
1.0
0.998
0.95
0.722
0.364
0.1
0.028
0.004
0.0
0.0
0.0
0.0
0.0
0.0
0.0
0.0
0.0
0.0
0.0
0.0
0.0
0.0
0.0
0.0
0.0
0.0
0.0
0.0
0.0
0.0
0.0
0.0
0.0
0.0
0.0
0.0
0.0
0.0
0.0
0.0
0.0
0.0
0.0
0.0
0.0
0.0
0.0
0.0
0.0
0.0
0.0
0.0
0.0
0.0
0.0
0.0
0.0
0.0
0.0
0.0
0.0
0.0
0.0
0.0
0.0
0.0
0.0
0.0
0.0
0.0
0.0
0.0
0.0
0.0
0.0
0.0
0.0
0.0
0.0
0.0
0.0
0.0
0.0
0.0
0.0
0.0
0.0
0.0
0.0
0.0
0.0
0.0
0.0
0.0
0.0
0.0
0.0
0.0
0.0
0.0
0.0
0.0
0.0
0.0
0.0
0.0
0.0
0.0
0.0
0.0
0.0
0.0
0.0
0.0
0.0
0.0
0.0
0.0
0.0
0.0
0.0
0.0
0.0
0.0
0.0
0.0
0.0
0.0
0.0
0.0
0.0
0.0
0.0
0.0
0.0
0.0
0.0
0.0
0.0
0.0
0.0
0.0
0.0
0.0
0.0
0.0
0.0
0.0
0.0
0.0
0.0
0.0
0.0
0.0
0.0
0.0
0.0
0.0
0.0
0.0
0.0
0.0
0.0
0.0
0.0
0.0
0.0
0.0
0.0
0.0
0.0
0.0
0.0
0.0
0.0
0.0
0.0
0.0
0.0
0.0
0.0
0.0
0.0
0.0
0.0
0.0
0.0
0.0
0.0
0.0
0.0
1.0
1.0
1.0
1.0
1.0
1.0
1.0
1.0
1.0
1.0
1.0
0.994
0.958
0.742
0.366
0.104
0.022
0.006
0.004
0.0
0.0
0.0
0.0
0.0
0.0
0.0
0.0
0.0
0.0
0.0
0.0
0.0
0.0
0.0
0.0
0.0
0.0
0.0
0.0
0.0
0.0
0.0
0.0
0.0
0.0
0.0
0.0
0.0
0.0
0.0
0.0
0.0
0.0
0.0
0.0
0.0
0.0
0.0
0.0
0.0
0.0
0.0
0.0
0.0
0.0
0.0
0.0
0.0
0.0
0.0
0.0
0.0
0.0
0.0
0.0
0.0
0.0
0.0
0.0
0.0
0.0
0.0
0.0
0.0
0.0
0.0
0.0
0.0
0.0
0.0
0.0
0.0
0.0
0.0
0.0
0.0
0.0
0.0
0.0
0.0
0.0
0.0
0.0
0.0
0.0
0.0
0.0
0.0
0.0
0.0
0.0
0.0
0.0
0.0
0.0
0.0
0.0
0.0
0.0
0.0
0.0
0.0
0.0
0.0
0.0
0.0
0.0
0.0
0.0
0.0
0.0
0.0
0.0
0.0
0.0
0.0
0.0
0.0
0.0
0.0
0.0
0.0
0.0
0.0
0.0
0.0
0.0
0.0
0.0
0.0
0.0
0.0
0.0
0.0
0.0
0.0
0.0
0.0
0.0
0.0
0.0
0.0
0.0
0.0
0.0
0.0
0.0
0.0
0.0
0.0
0.0
0.0
0.0
0.0
0.0
0.0
0.0
0.0
0.0
0.0
0.0
0.0
0.0
0.0
0.0
0.0
0.0
0.0
0.0
0.0
0.0
0.0
0.0
0.0
0.0
0.0
0.0
0.0
0.0
0.0
0.0
1.0
1.0
1.0
1.0
1.0
1.0
1.0
1.0
1.0
1.0
1.0
0.996
0.96
0.752
0.412
0.11
0.034
0.014
0.008
0.006
0.002
0.0
0.0
0.0
0.0
0.0
0.0
0.0
0.0
0.0
0.0
0.0
0.0
0.0
0.0
0.0
0.0
0.0
0.0
0.0
0.0
0.0
0.0
0.0
0.0
0.0
0.0
0.0
0.0
0.0
0.0
0.0
0.0
0.0
0.0
0.0
0.0
0.0
0.0
0.0
0.0
0.0
0.0
0.0
0.0
0.0
0.0
0.0
0.0
0.0
0.0
0.0
0.0
0.0
0.0
0.0
0.0
0.0
0.0
0.0
0.0
0.0
0.0
0.0
0.0
0.0
0.0
0.0
0.0
0.0
0.0
0.0
0.0
0.0
0.0
0.0
0.0
0.0
0.0
0.0
0.0
0.0
0.0
0.0
0.0
0.0
0.0
0.0
0.0
0.0
0.0
0.0
0.0
0.0
0.0
0.0
0.0
0.0
0.0
0.0
0.0
0.0
0.0
0.0
0.0
0.0
0.0
0.0
0.0
0.0
0.0
0.0
0.0
0.0
0.0
0.0
0.0
0.0
0.0
0.0
0.0
0.0
0.0
0.0
0.0
0.0
0.0
0.0
0.0
0.0
0.0
0.0
0.0
0.0
0.0
0.0
0.0
0.0
0.0
0.0
0.0
0.0
0.0
0.0
0.0
0.0
0.0
0.0
0.0
0.0
0.0
0.0
0.0
0.0
0.0
0.0
0.0
0.0
0.0
0.0
0.0
0.0
0.0
0.0
0.0
0.0
0.0
0.0
0.0
0.0
0.0
0.0
0.0
0.0
0.0
0.0
0.0
0.0
0.0
0.0
0.0
1.0
1.0
1.0
1.0
1.0
1.0
1.0
1.0
1.0
1.0
1.0
0.996
0.954
0.794
0.436
0.11
0.018
0.006
0.004
0.004
0.004
0.004
0.004
0.004
0.004
0.004
0.004
0.004
0.004
0.004
0.004
0.004
0.004
0.004
0.004
0.002
0.0
0.0
0.0
0.0
0.0
0.0
0.0
0.0
0.0
0.0
0.0
0.0
0.0
0.0
0.0
0.0
0.0
0.0
0.0
0.0
0.0
0.0
0.0
0.0
0.0
0.0
0.0
0.0
0.0
0.0
0.0
0.0
0.0
0.0
0.0
0.0
0.0
0.0
0.0
0.0
0.0
0.0
0.0
0.0
0.0
0.0
0.0
0.0
0.0
0.0
0.0
0.0
0.0
0.0
0.0
0.0
0.0
0.0
0.0
0.0
0.0
0.0
0.0
0.0
0.0
0.0
0.0
0.0
0.0
0.0
0.0
0.0
0.0
0.0
0.0
0.0
0.0
0.0
0.0
0.0
0.0
0.0
0.0
0.0
0.0
0.0
0.0
0.0
0.0
0.0
0.0
0.0
0.0
0.0
0.0
0.0
0.0
0.0
0.0
0.0
0.0
0.0
0.0
0.0
0.0
0.0
0.0
0.0
0.0
0.0
0.0
0.0
0.0
0.0
0.0
0.0
0.0
0.0
0.0
0.0
0.0
0.0
0.0
0.0
0.0
0.0
0.0
0.0
0.0
0.0
0.0
0.0
0.0
0.0
0.0
0.0
0.0
0.0
0.0
0.0
0.0
0.0
0.0
0.0
0.0
0.0
0.0
0.0
0.0
0.0
0.0
0.0
0.0
0.0
0.0
0.0
0.0
0.0
0.0
0.0
0.0
0.0
0.0
0.0
0.0
1.0
1.0
1.0
1.0
1.0
1.0
1.0
1.0
1.0
1.0
1.0
1.0
0.988
0.932
0.818
0.668
0.514
0.416
0.348
0.29
0.244
0.208
0.182
0.152
0.118
0.094
0.084
0.07
0.058
0.048
0.042
0.034
0.03
0.02
0.02
0.012
0.012
0.008
0.008
0.008
0.006
0.004
0.004
0.002
0.002
0.0
0.0
0.0
0.0
0.0
0.0
0.0
0.0
0.0
0.0
0.0
0.0
0.0
0.0
0.0
0.0
0.0
0.0
0.0
0.0
0.0
0.0
0.0
0.0
0.0
0.0
0.0
0.0
0.0
0.0
0.0
0.0
0.0
0.0
0.0
0.0
0.0
0.0
0.0
0.0
0.0
0.0
0.0
0.0
0.0
0.0
0.0
0.0
0.0
0.0
0.0
0.0
0.0
0.0
0.0
0.0
0.0
0.0
0.0
0.0
0.0
0.0
0.0
0.0
0.0
0.0
0.0
0.0
0.0
0.0
0.0
0.0
0.0
0.0
0.0
0.0
0.0
0.0
0.0
0.0
0.0
0.0
0.0
0.0
0.0
0.0
0.0
0.0
0.0
0.0
0.0
0.0
0.0
0.0
0.0
0.0
0.0
0.0
0.0
0.0
0.0
0.0
0.0
0.0
0.0
0.0
0.0
0.0
0.0
0.0
0.0
0.0
0.0
0.0
0.0
0.0
0.0
0.0
0.0
0.0
0.0
0.0
0.0
0.0
0.0
0.0
0.0
0.0
0.0
0.0
0.0
0.0
0.0
0.0
0.0
0.0
0.0
0.0
0.0
0.0
0.0
0.0
0.0
0.0
0.0
0.0
0.0
0.0
0.0
0.0
0.0
0.0
0.0
0.0
0.0
0.0
1.0
1.0
1.0
1.0
1.0
1.0
1.0
1.0
1.0
1.0
1.0
1.0
1.0
0.992
0.988
0.974
0.942
0.918
0.894
0.87
0.848
0.824
0.794
0.772
0.736
0.72
0.678
0.658
0.646
0.624
0.6
0.582
0.57
0.55
0.526
0.51
0.496
0.48
0.462
0.446
0.436
0.416
0.404
0.394
0.388
0.374
0.358
0.346
0.338
0.326
0.318
0.31
0.302
0.29
0.286
0.278
0.272
0.266
0.264
0.258
0.25
0.248
0.244
0.238
0.232
0.228
0.21
0.204
0.194
0.19
0.186
0.182
0.178
0.168
0.158
0.152
0.144
0.142
0.136
0.132
0.126
0.122
0.122
0.116
0.116
0.114
0.114
0.112
0.11
0.106
0.106
0.1
0.098
0.096
0.092
0.088
0.088
0.086
0.082
0.082
0.082
0.08
0.078
0.078
0.076
0.076
0.074
0.072
0.068
0.064
0.06
0.06
0.06
0.058
0.054
0.05
0.05
0.05
0.05
0.05
0.05
0.05
0.044
0.042
0.042
0.036
0.036
0.036
0.034
0.03
0.028
0.026
0.026
0.024
0.024
0.024
0.024
0.024
0.024
0.02
0.02
0.018
0.018
0.014
0.014
0.014
0.014
0.014
0.014
0.012
0.012
0.012
0.012
0.01
0.01
0.01
0.01
0.01
0.01
0.01
0.01
0.01
0.01
0.01
0.01
0.01
0.01
0.01
0.01
0.01
0.01
0.01
0.01
0.01
0.01
0.01
0.01
0.01
0.008
0.008
0.008
0.008
0.008
0.008
0.008
0.008
0.008
0.008
0.008
0.008
0.008
0.008
0.008
0.008
0.008
0.008
0.008
0.008
0.008
0.008
0.008
1.0
1.0
1.0
1.0
1.0
1.0
1.0
1.0
1.0
1.0
1.0
1.0
1.0
1.0
0.992
0.986
0.974
0.972
0.962
0.95
0.942
0.93
0.922
0.91
0.904
0.888
0.878
0.87
0.858
0.846
0.838
0.832
0.826
0.82
0.806
0.798
0.794
0.788
0.786
0.778
0.77
0.758
0.752
0.742
0.736
0.726
0.71
0.704
0.694
0.688
0.68
0.676
0.668
0.662
0.658
0.656
0.652
0.642
0.64
0.632
0.62
0.616
0.612
0.61
0.602
0.588
0.588
0.582
0.572
0.566
0.558
0.554
0.552
0.548
0.542
0.538
0.536
0.528
0.524
0.518
0.514
0.51
0.508
0.502
0.498
0.492
0.478
0.478
0.472
0.466
0.466
0.462
0.456
0.456
0.454
0.442
0.438
0.438
0.434
0.426
0.424
0.422
0.416
0.41
0.404
0.402
0.396
0.388
0.382
0.374
0.374
0.368
0.368
0.366
0.36
0.358
0.356
0.352
0.35
0.342
0.336
0.33
0.33
0.33
0.328
0.326
0.322
0.31
0.31
0.304
0.302
0.302
0.3
0.298
0.296
0.296
0.292
0.288
0.286
0.286
0.282
0.282
0.28
0.276
0.27
0.268
0.268
0.268
0.266
0.262
0.256
0.254
0.252
0.248
0.246
0.246
0.244
0.242
0.242
0.238
0.236
0.232
0.232
0.232
0.23
0.23
0.224
0.216
0.216
0.216
0.216
0.216
0.214
0.214
0.212
0.212
0.21
0.21
0.206
0.202
0.202
0.202
0.202
0.198
0.196
0.196
0.194
0.194
0.192
0.192
0.192
0.19
0.19
0.19
0.19
0.188
0.186
0.186
0.184
0.18
0.176
1.0
1.0
1.0
1.0
1.0
1.0
1.0
1.0
1.0
1.0
1.0
1.0
1.0
1.0
0.998
0.992
0.982
0.976
0.96
0.948
0.948
0.936
0.932
0.922
0.906
0.904
0.898
0.886
0.88
0.872
0.87
0.866
0.862
0.844
0.826
0.82
0.812
0.804
0.79
0.782
0.782
0.77
0.758
0.754
0.752
0.744
0.736
0.734
0.728
0.728
0.718
0.716
0.708
0.694
0.69
0.688
0.682
0.678
0.676
0.668
0.664
0.658
0.646
0.642
0.64
0.638
0.63
0.622
0.618
0.612
0.602
0.592
0.586
0.58
0.576
0.568
0.566
0.558
0.556
0.556
0.556
0.554
0.546
0.542
0.538
0.534
0.53
0.524
0.52
0.512
0.508
0.502
0.502
0.5
0.488
0.486
0.474
0.466
0.46
0.456
0.448
0.446
0.444
0.436
0.432
0.43
0.424
0.414
0.412
0.41
0.4
0.398
0.394
0.392
0.384
0.378
0.376
0.372
0.37
0.368
0.366
0.358
0.352
0.352
0.35
0.346
0.342
0.338
0.336
0.33
0.328
0.328
0.328
0.326
0.326
0.32
0.32
0.316
0.31
0.308
0.302
0.298
0.294
0.292
0.29
0.29
0.286
0.28
0.276
0.274
0.274
0.272
0.27
0.268
0.266
0.266
0.264
0.262
0.262
0.258
0.258
0.252
0.252
0.248
0.246
0.242
0.24
0.234
0.232
0.228
0.224
0.22
0.214
0.212
0.21
0.21
0.21
0.21
0.21
0.204
0.204
0.202
0.198
0.198
0.198
0.198
0.196
0.196
0.196
0.196
0.194
0.194
0.19
0.19
0.19
0.19
0.188
0.186
0.186
0.184
0.182
1.0
1.0
1.0
1.0
1.0
1.0
1.0
1.0
1.0
1.0
1.0
0.998
0.968
0.836
0.498
0.172
0.046
0.016
0.002
0.0
0.0
0.0
0.0
0.0
0.0
0.0
0.0
0.0
0.0
0.0
0.0
0.0
0.0
0.0
0.0
0.0
0.0
0.0
0.0
0.0
0.0
0.0
0.0
0.0
0.0
0.0
0.0
0.0
0.0
0.0
0.0
0.0
0.0
0.0
0.0
0.0
0.0
0.0
0.0
0.0
0.0
0.0
0.0
0.0
0.0
0.0
0.0
0.0
0.0
0.0
0.0
0.0
0.0
0.0
0.0
0.0
0.0
0.0
0.0
0.0
0.0
0.0
0.0
0.0
0.0
0.0
0.0
0.0
0.0
0.0
0.0
0.0
0.0
0.0
0.0
0.0
0.0
0.0
0.0
0.0
0.0
0.0
0.0
0.0
0.0
0.0
0.0
0.0
0.0
0.0
0.0
0.0
0.0
0.0
0.0
0.0
0.0
0.0
0.0
0.0
0.0
0.0
0.0
0.0
0.0
0.0
0.0
0.0
0.0
0.0
0.0
0.0
0.0
0.0
0.0
0.0
0.0
0.0
0.0
0.0
0.0
0.0
0.0
0.0
0.0
0.0
0.0
0.0
0.0
0.0
0.0
0.0
0.0
0.0
0.0
0.0
0.0
0.0
0.0
0.0
0.0
0.0
0.0
0.0
0.0
0.0
0.0
0.0
0.0
0.0
0.0
0.0
0.0
0.0
0.0
0.0
0.0
0.0
0.0
0.0
0.0
0.0
0.0
0.0
0.0
0.0
0.0
0.0
0.0
0.0
0.0
0.0
0.0
0.0
0.0
0.0
0.0
0.0
0.0
0.0
0.0
1.0
1.0
1.0
1.0
1.0
1.0
1.0
1.0
1.0
1.0
1.0
0.998
0.968
0.854
0.486
0.156
0.042
0.016
0.008
0.004
0.0
0.0
0.0
0.0
0.0
0.0
0.0
0.0
0.0
0.0
0.0
0.0
0.0
0.0
0.0
0.0
0.0
0.0
0.0
0.0
0.0
0.0
0.0
0.0
0.0
0.0
0.0
0.0
0.0
0.0
0.0
0.0
0.0
0.0
0.0
0.0
0.0
0.0
0.0
0.0
0.0
0.0
0.0
0.0
0.0
0.0
0.0
0.0
0.0
0.0
0.0
0.0
0.0
0.0
0.0
0.0
0.0
0.0
0.0
0.0
0.0
0.0
0.0
0.0
0.0
0.0
0.0
0.0
0.0
0.0
0.0
0.0
0.0
0.0
0.0
0.0
0.0
0.0
0.0
0.0
0.0
0.0
0.0
0.0
0.0
0.0
0.0
0.0
0.0
0.0
0.0
0.0
0.0
0.0
0.0
0.0
0.0
0.0
0.0
0.0
0.0
0.0
0.0
0.0
0.0
0.0
0.0
0.0
0.0
0.0
0.0
0.0
0.0
0.0
0.0
0.0
0.0
0.0
0.0
0.0
0.0
0.0
0.0
0.0
0.0
0.0
0.0
0.0
0.0
0.0
0.0
0.0
0.0
0.0
0.0
0.0
0.0
0.0
0.0
0.0
0.0
0.0
0.0
0.0
0.0
0.0
0.0
0.0
0.0
0.0
0.0
0.0
0.0
0.0
0.0
0.0
0.0
0.0
0.0
0.0
0.0
0.0
0.0
0.0
0.0
0.0
0.0
0.0
0.0
0.0
0.0
0.0
0.0
0.0
0.0
0.0
0.0
0.0
0.0
0.0
0.0
1.0
1.0
1.0
1.0
1.0
1.0
1.0
1.0
1.0
1.0
1.0
0.998
0.966
0.836
0.536
0.162
0.042
0.018
0.006
0.006
0.004
0.002
0.002
0.002
0.002
0.0
0.0
0.0
0.0
0.0
0.0
0.0
0.0
0.0
0.0
0.0
0.0
0.0
0.0
0.0
0.0
0.0
0.0
0.0
0.0
0.0
0.0
0.0
0.0
0.0
0.0
0.0
0.0
0.0
0.0
0.0
0.0
0.0
0.0
0.0
0.0
0.0
0.0
0.0
0.0
0.0
0.0
0.0
0.0
0.0
0.0
0.0
0.0
0.0
0.0
0.0
0.0
0.0
0.0
0.0
0.0
0.0
0.0
0.0
0.0
0.0
0.0
0.0
0.0
0.0
0.0
0.0
0.0
0.0
0.0
0.0
0.0
0.0
0.0
0.0
0.0
0.0
0.0
0.0
0.0
0.0
0.0
0.0
0.0
0.0
0.0
0.0
0.0
0.0
0.0
0.0
0.0
0.0
0.0
0.0
0.0
0.0
0.0
0.0
0.0
0.0
0.0
0.0
0.0
0.0
0.0
0.0
0.0
0.0
0.0
0.0
0.0
0.0
0.0
0.0
0.0
0.0
0.0
0.0
0.0
0.0
0.0
0.0
0.0
0.0
0.0
0.0
0.0
0.0
0.0
0.0
0.0
0.0
0.0
0.0
0.0
0.0
0.0
0.0
0.0
0.0
0.0
0.0
0.0
0.0
0.0
0.0
0.0
0.0
0.0
0.0
0.0
0.0
0.0
0.0
0.0
0.0
0.0
0.0
0.0
0.0
0.0
0.0
0.0
0.0
0.0
0.0
0.0
0.0
0.0
0.0
0.0
0.0
0.0
0.0
0.0
1.0
1.0
1.0
1.0
1.0
1.0
1.0
1.0
1.0
1.0
1.0
0.998
0.966
0.856
0.552
0.15
0.032
0.016
0.008
0.008
0.008
0.006
0.006
0.006
0.004
0.004
0.004
0.004
0.004
0.004
0.004
0.004
0.004
0.004
0.004
0.004
0.004
0.004
0.004
0.004
0.004
0.004
0.004
0.004
0.004
0.004
0.002
0.002
0.002
0.002
0.002
0.002
0.002
0.002
0.002
0.002
0.002
0.002
0.002
0.002
0.002
0.002
0.002
0.002
0.002
0.002
0.002
0.002
0.002
0.002
0.002
0.0
0.0
0.0
0.0
0.0
0.0
0.0
0.0
0.0
0.0
0.0
0.0
0.0
0.0
0.0
0.0
0.0
0.0
0.0
0.0
0.0
0.0
0.0
0.0
0.0
0.0
0.0
0.0
0.0
0.0
0.0
0.0
0.0
0.0
0.0
0.0
0.0
0.0
0.0
0.0
0.0
0.0
0.0
0.0
0.0
0.0
0.0
0.0
0.0
0.0
0.0
0.0
0.0
0.0
0.0
0.0
0.0
0.0
0.0
0.0
0.0
0.0
0.0
0.0
0.0
0.0
0.0
0.0
0.0
0.0
0.0
0.0
0.0
0.0
0.0
0.0
0.0
0.0
0.0
0.0
0.0
0.0
0.0
0.0
0.0
0.0
0.0
0.0
0.0
0.0
0.0
0.0
0.0
0.0
0.0
0.0
0.0
0.0
0.0
0.0
0.0
0.0
0.0
0.0
0.0
0.0
0.0
0.0
0.0
0.0
0.0
0.0
0.0
0.0
0.0
0.0
0.0
0.0
0.0
0.0
0.0
0.0
0.0
0.0
0.0
0.0
0.0
0.0
0.0
0.0
1.0
1.0
1.0
1.0
1.0
1.0
1.0
1.0
1.0
1.0
1.0
1.0
0.998
0.964
0.896
0.74
0.578
0.46
0.36
0.282
0.24
0.196
0.164
0.138
0.118
0.096
0.08
0.07
0.062
0.052
0.046
0.044
0.028
0.026
0.022
0.016
0.016
0.012
0.01
0.01
0.008
0.006
0.006
0.006
0.002
0.002
0.0
0.0
0.0
0.0
0.0
0.0
0.0
0.0
0.0
0.0
0.0
0.0
0.0
0.0
0.0
0.0
0.0
0.0
0.0
0.0
0.0
0.0
0.0
0.0
0.0
0.0
0.0
0.0
0.0
0.0
0.0
0.0
0.0
0.0
0.0
0.0
0.0
0.0
0.0
0.0
0.0
0.0
0.0
0.0
0.0
0.0
0.0
0.0
0.0
0.0
0.0
0.0
0.0
0.0
0.0
0.0
0.0
0.0
0.0
0.0
0.0
0.0
0.0
0.0
0.0
0.0
0.0
0.0
0.0
0.0
0.0
0.0
0.0
0.0
0.0
0.0
0.0
0.0
0.0
0.0
0.0
0.0
0.0
0.0
0.0
0.0
0.0
0.0
0.0
0.0
0.0
0.0
0.0
0.0
0.0
0.0
0.0
0.0
0.0
0.0
0.0
0.0
0.0
0.0
0.0
0.0
0.0
0.0
0.0
0.0
0.0
0.0
0.0
0.0
0.0
0.0
0.0
0.0
0.0
0.0
0.0
0.0
0.0
0.0
0.0
0.0
0.0
0.0
0.0
0.0
0.0
0.0
0.0
0.0
0.0
0.0
0.0
0.0
0.0
0.0
0.0
0.0
0.0
0.0
0.0
0.0
0.0
0.0
0.0
0.0
0.0
0.0
0.0
0.0
0.0
1.0
1.0
1.0
1.0
1.0
1.0
1.0
1.0
1.0
1.0
1.0
1.0
1.0
0.994
0.99
0.974
0.948
0.936
0.908
0.884
0.864
0.85
0.84
0.826
0.796
0.778
0.766
0.74
0.722
0.696
0.676
0.656
0.646
0.618
0.602
0.594
0.57
0.56
0.548
0.538
0.524
0.506
0.488
0.478
0.468
0.446
0.432
0.412
0.408
0.394
0.38
0.372
0.368
0.362
0.358
0.344
0.332
0.322
0.308
0.306
0.304
0.302
0.298
0.292
0.286
0.28
0.272
0.268
0.262
0.258
0.244
0.236
0.232
0.23
0.226
0.22
0.22
0.218
0.212
0.206
0.206
0.202
0.192
0.182
0.178
0.176
0.176
0.174
0.164
0.158
0.158
0.15
0.148
0.146
0.144
0.138
0.134
0.132
0.128
0.126
0.126
0.124
0.124
0.118
0.114
0.108
0.108
0.104
0.098
0.096
0.092
0.088
0.088
0.088
0.086
0.08
0.08
0.078
0.078
0.076
0.074
0.074
0.072
0.072
0.072
0.072
0.07
0.07
0.068
0.068
0.064
0.06
0.06
0.06
0.06
0.06
0.058
0.058
0.058
0.058
0.058
0.056
0.052
0.052
0.052
0.05
0.05
0.048
0.046
0.044
0.044
0.044
0.044
0.044
0.044
0.044
0.042
0.038
0.038
0.036
0.036
0.036
0.036
0.034
0.034
0.034
0.034
0.034
0.032
0.032
0.03
0.03
0.03
0.03
0.03
0.028
0.028
0.028
0.028
0.028
0.028
0.028
0.028
0.028
0.028
0.028
0.028
0.028
0.028
0.028
0.028
0.026
0.024
0.02
0.02
0.02
0.02
0.018
0.018
0.018
0.018
1.0
1.0
1.0
1.0
1.0
1.0
1.0
1.0
1.0
1.0
1.0
1.0
1.0
1.0
0.996
0.992
0.984
0.976
0.97
0.964
0.958
0.952
0.944
0.93
0.926
0.912
0.904
0.894
0.888
0.884
0.878
0.874
0.868
0.852
0.85
0.842
0.838
0.832
0.824
0.814
0.81
0.8
0.796
0.794
0.776
0.772
0.768
0.76
0.754
0.744
0.732
0.726
0.724
0.718
0.714
0.706
0.704
0.694
0.692
0.688
0.682
0.678
0.67
0.668
0.662
0.658
0.654
0.644
0.634
0.63
0.626
0.62
0.62
0.614
0.614
0.61
0.604
0.596
0.592
0.586
0.584
0.58
0.572
0.558
0.556
0.554
0.55
0.544
0.544
0.54
0.53
0.524
0.518
0.516
0.514
0.508
0.498
0.492
0.49
0.484
0.48
0.478
0.474
0.472
0.472
0.47
0.468
0.468
0.464
0.46
0.454
0.452
0.448
0.444
0.442
0.442
0.44
0.438
0.43
0.43
0.426
0.422
0.414
0.404
0.402
0.394
0.392
0.388
0.388
0.388
0.388
0.388
0.384
0.384
0.384
0.38
0.378
0.376
0.376
0.368
0.366
0.362
0.358
0.354
0.348
0.344
0.334
0.334
0.332
0.33
0.328
0.328
0.326
0.324
0.32
0.314
0.314
0.312
0.312
0.312
0.31
0.306
0.304
0.302
0.302
0.3
0.296
0.294
0.286
0.286
0.282
0.276
0.272
0.27
0.268
0.26
0.258
0.254
0.25
0.25
0.25
0.25
0.248
0.246
0.244
0.236
0.236
0.236
0.236
0.234
0.23
0.228
0.226
0.226
0.226
0.226
0.226
0.226
0.226
0.226
0.224
1.0
1.0
1.0
1.0
1.0
1.0
1.0
1.0
1.0
1.0
1.0
1.0
1.0
1.0
0.998
0.992
0.982
0.972
0.964
0.96
0.954
0.95
0.944
0.932
0.922
0.918
0.908
0.904
0.902
0.894
0.886
0.88
0.87
0.864
0.862
0.858
0.848
0.844
0.838
0.836
0.824
0.822
0.82
0.818
0.812
0.802
0.792
0.792
0.788
0.784
0.778
0.774
0.766
0.766
0.762
0.752
0.748
0.744
0.74
0.736
0.728
0.718
0.714
0.712
0.708
0.704
0.698
0.69
0.686
0.686
0.684
0.674
0.672
0.668
0.658
0.652
0.646
0.636
0.624
0.612
0.612
0.606
0.604
0.598
0.596
0.594
0.588
0.582
0.58
0.578
0.568
0.566
0.558
0.55
0.544
0.532
0.528
0.528
0.524
0.52
0.516
0.512
0.51
0.51
0.504
0.5
0.498
0.498
0.496
0.496
0.492
0.49
0.49
0.49
0.488
0.48
0.48
0.478
0.472
0.472
0.47
0.466
0.46
0.46
0.454
0.452
0.45
0.446
0.44
0.438
0.432
0.428
0.422
0.418
0.414
0.41
0.408
0.406
0.406
0.404
0.402
0.396
0.396
0.396
0.394
0.39
0.388
0.386
0.386
0.384
0.382
0.376
0.374
0.372
0.37
0.368
0.366
0.364
0.364
0.364
0.36
0.354
0.35
0.348
0.348
0.342
0.342
0.338
0.332
0.328
0.328
0.324
0.322
0.32
0.318
0.316
0.314
0.314
0.31
0.306
0.306
0.302
0.298
0.298
0.294
0.29
0.288
0.286
0.282
0.28
0.28
0.278
0.274
0.272
0.272
0.27
0.27
0.27
0.27
0.266
0.264
1.0
1.0
1.0
1.0
1.0
1.0
1.0
1.0
1.0
1.0
1.0
0.994
0.984
0.894
0.572
0.254
0.078
0.022
0.008
0.002
0.0
0.0
0.0
0.0
0.0
0.0
0.0
0.0
0.0
0.0
0.0
0.0
0.0
0.0
0.0
0.0
0.0
0.0
0.0
0.0
0.0
0.0
0.0
0.0
0.0
0.0
0.0
0.0
0.0
0.0
0.0
0.0
0.0
0.0
0.0
0.0
0.0
0.0
0.0
0.0
0.0
0.0
0.0
0.0
0.0
0.0
0.0
0.0
0.0
0.0
0.0
0.0
0.0
0.0
0.0
0.0
0.0
0.0
0.0
0.0
0.0
0.0
0.0
0.0
0.0
0.0
0.0
0.0
0.0
0.0
0.0
0.0
0.0
0.0
0.0
0.0
0.0
0.0
0.0
0.0
0.0
0.0
0.0
0.0
0.0
0.0
0.0
0.0
0.0
0.0
0.0
0.0
0.0
0.0
0.0
0.0
0.0
0.0
0.0
0.0
0.0
0.0
0.0
0.0
0.0
0.0
0.0
0.0
0.0
0.0
0.0
0.0
0.0
0.0
0.0
0.0
0.0
0.0
0.0
0.0
0.0
0.0
0.0
0.0
0.0
0.0
0.0
0.0
0.0
0.0
0.0
0.0
0.0
0.0
0.0
0.0
0.0
0.0
0.0
0.0
0.0
0.0
0.0
0.0
0.0
0.0
0.0
0.0
0.0
0.0
0.0
0.0
0.0
0.0
0.0
0.0
0.0
0.0
0.0
0.0
0.0
0.0
0.0
0.0
0.0
0.0
0.0
0.0
0.0
0.0
0.0
0.0
0.0
0.0
0.0
0.0
0.0
0.0
0.0
0.0
0.0
1.0
1.0
1.0
1.0
1.0
1.0
1.0
1.0
1.0
1.0
1.0
0.998
0.98
0.892
0.602
0.272
0.086
0.024
0.002
0.0
0.0
0.0
0.0
0.0
0.0
0.0
0.0
0.0
0.0
0.0
0.0
0.0
0.0
0.0
0.0
0.0
0.0
0.0
0.0
0.0
0.0
0.0
0.0
0.0
0.0
0.0
0.0
0.0
0.0
0.0
0.0
0.0
0.0
0.0
0.0
0.0
0.0
0.0
0.0
0.0
0.0
0.0
0.0
0.0
0.0
0.0
0.0
0.0
0.0
0.0
0.0
0.0
0.0
0.0
0.0
0.0
0.0
0.0
0.0
0.0
0.0
0.0
0.0
0.0
0.0
0.0
0.0
0.0
0.0
0.0
0.0
0.0
0.0
0.0
0.0
0.0
0.0
0.0
0.0
0.0
0.0
0.0
0.0
0.0
0.0
0.0
0.0
0.0
0.0
0.0
0.0
0.0
0.0
0.0
0.0
0.0
0.0
0.0
0.0
0.0
0.0
0.0
0.0
0.0
0.0
0.0
0.0
0.0
0.0
0.0
0.0
0.0
0.0
0.0
0.0
0.0
0.0
0.0
0.0
0.0
0.0
0.0
0.0
0.0
0.0
0.0
0.0
0.0
0.0
0.0
0.0
0.0
0.0
0.0
0.0
0.0
0.0
0.0
0.0
0.0
0.0
0.0
0.0
0.0
0.0
0.0
0.0
0.0
0.0
0.0
0.0
0.0
0.0
0.0
0.0
0.0
0.0
0.0
0.0
0.0
0.0
0.0
0.0
0.0
0.0
0.0
0.0
0.0
0.0
0.0
0.0
0.0
0.0
0.0
0.0
0.0
0.0
0.0
0.0
0.0
0.0
1.0
1.0
1.0
1.0
1.0
1.0
1.0
1.0
1.0
1.0
1.0
1.0
0.99
0.89
0.646
0.3
0.074
0.032
0.01
0.006
0.006
0.002
0.0
0.0
0.0
0.0
0.0
0.0
0.0
0.0
0.0
0.0
0.0
0.0
0.0
0.0
0.0
0.0
0.0
0.0
0.0
0.0
0.0
0.0
0.0
0.0
0.0
0.0
0.0
0.0
0.0
0.0
0.0
0.0
0.0
0.0
0.0
0.0
0.0
0.0
0.0
0.0
0.0
0.0
0.0
0.0
0.0
0.0
0.0
0.0
0.0
0.0
0.0
0.0
0.0
0.0
0.0
0.0
0.0
0.0
0.0
0.0
0.0
0.0
0.0
0.0
0.0
0.0
0.0
0.0
0.0
0.0
0.0
0.0
0.0
0.0
0.0
0.0
0.0
0.0
0.0
0.0
0.0
0.0
0.0
0.0
0.0
0.0
0.0
0.0
0.0
0.0
0.0
0.0
0.0
0.0
0.0
0.0
0.0
0.0
0.0
0.0
0.0
0.0
0.0
0.0
0.0
0.0
0.0
0.0
0.0
0.0
0.0
0.0
0.0
0.0
0.0
0.0
0.0
0.0
0.0
0.0
0.0
0.0
0.0
0.0
0.0
0.0
0.0
0.0
0.0
0.0
0.0
0.0
0.0
0.0
0.0
0.0
0.0
0.0
0.0
0.0
0.0
0.0
0.0
0.0
0.0
0.0
0.0
0.0
0.0
0.0
0.0
0.0
0.0
0.0
0.0
0.0
0.0
0.0
0.0
0.0
0.0
0.0
0.0
0.0
0.0
0.0
0.0
0.0
0.0
0.0
0.0
0.0
0.0
0.0
0.0
0.0
0.0
0.0
0.0
1.0
1.0
1.0
1.0
1.0
1.0
1.0
1.0
1.0
1.0
1.0
0.998
0.986
0.908
0.658
0.294
0.054
0.022
0.014
0.008
0.008
0.008
0.008
0.008
0.008
0.008
0.008
0.008
0.008
0.008
0.008
0.008
0.008
0.008
0.004
0.004
0.004
0.002
0.002
0.002
0.002
0.002
0.002
0.002
0.002
0.002
0.002
0.002
0.002
0.002
0.0
0.0
0.0
0.0
0.0
0.0
0.0
0.0
0.0
0.0
0.0
0.0
0.0
0.0
0.0
0.0
0.0
0.0
0.0
0.0
0.0
0.0
0.0
0.0
0.0
0.0
0.0
0.0
0.0
0.0
0.0
0.0
0.0
0.0
0.0
0.0
0.0
0.0
0.0
0.0
0.0
0.0
0.0
0.0
0.0
0.0
0.0
0.0
0.0
0.0
0.0
0.0
0.0
0.0
0.0
0.0
0.0
0.0
0.0
0.0
0.0
0.0
0.0
0.0
0.0
0.0
0.0
0.0
0.0
0.0
0.0
0.0
0.0
0.0
0.0
0.0
0.0
0.0
0.0
0.0
0.0
0.0
0.0
0.0
0.0
0.0
0.0
0.0
0.0
0.0
0.0
0.0
0.0
0.0
0.0
0.0
0.0
0.0
0.0
0.0
0.0
0.0
0.0
0.0
0.0
0.0
0.0
0.0
0.0
0.0
0.0
0.0
0.0
0.0
0.0
0.0
0.0
0.0
0.0
0.0
0.0
0.0
0.0
0.0
0.0
0.0
0.0
0.0
0.0
0.0
0.0
0.0
0.0
0.0
0.0
0.0
0.0
0.0
0.0
0.0
0.0
0.0
0.0
0.0
0.0
0.0
0.0
0.0
0.0
0.0
0.0
1.0
1.0
1.0
1.0
1.0
1.0
1.0
1.0
1.0
1.0
1.0
1.0
0.998
0.986
0.942
0.814
0.66
0.544
0.466
0.39
0.332
0.288
0.248
0.228
0.202
0.18
0.156
0.128
0.11
0.094
0.084
0.074
0.06
0.046
0.036
0.026
0.02
0.018
0.016
0.014
0.014
0.012
0.012
0.008
0.004
0.004
0.002
0.002
0.002
0.002
0.002
0.002
0.002
0.002
0.002
0.0
0.0
0.0
0.0
0.0
0.0
0.0
0.0
0.0
0.0
0.0
0.0
0.0
0.0
0.0
0.0
0.0
0.0
0.0
0.0
0.0
0.0
0.0
0.0
0.0
0.0
0.0
0.0
0.0
0.0
0.0
0.0
0.0
0.0
0.0
0.0
0.0
0.0
0.0
0.0
0.0
0.0
0.0
0.0
0.0
0.0
0.0
0.0
0.0
0.0
0.0
0.0
0.0
0.0
0.0
0.0
0.0
0.0
0.0
0.0
0.0
0.0
0.0
0.0
0.0
0.0
0.0
0.0
0.0
0.0
0.0
0.0
0.0
0.0
0.0
0.0
0.0
0.0
0.0
0.0
0.0
0.0
0.0
0.0
0.0
0.0
0.0
0.0
0.0
0.0
0.0
0.0
0.0
0.0
0.0
0.0
0.0
0.0
0.0
0.0
0.0
0.0
0.0
0.0
0.0
0.0
0.0
0.0
0.0
0.0
0.0
0.0
0.0
0.0
0.0
0.0
0.0
0.0
0.0
0.0
0.0
0.0
0.0
0.0
0.0
0.0
0.0
0.0
0.0
0.0
0.0
0.0
0.0
0.0
0.0
0.0
0.0
0.0
0.0
0.0
0.0
0.0
0.0
0.0
0.0
0.0
1.0
1.0
1.0
1.0
1.0
1.0
1.0
1.0
1.0
1.0
1.0
1.0
1.0
1.0
0.996
0.986
0.976
0.958
0.94
0.926
0.91
0.898
0.878
0.862
0.844
0.828
0.812
0.786
0.77
0.748
0.736
0.714
0.704
0.688
0.678
0.662
0.658
0.648
0.63
0.612
0.592
0.578
0.57
0.56
0.546
0.542
0.534
0.52
0.5
0.494
0.484
0.474
0.458
0.448
0.438
0.432
0.428
0.418
0.404
0.39
0.376
0.366
0.362
0.354
0.34
0.33
0.32
0.314
0.308
0.302
0.296
0.29
0.284
0.278
0.274
0.27
0.268
0.266
0.264
0.25
0.248
0.234
0.232
0.224
0.222
0.218
0.214
0.206
0.198
0.19
0.19
0.188
0.18
0.176
0.172
0.166
0.166
0.164
0.16
0.156
0.152
0.152
0.144
0.142
0.136
0.134
0.132
0.132
0.132
0.13
0.126
0.126
0.122
0.12
0.116
0.116
0.116
0.116
0.112
0.11
0.108
0.108
0.106
0.106
0.104
0.102
0.098
0.094
0.094
0.094
0.088
0.082
0.08
0.078
0.078
0.078
0.078
0.078
0.074
0.07
0.068
0.068
0.068
0.066
0.066
0.066
0.066
0.062
0.06
0.056
0.056
0.056
0.056
0.056
0.054
0.052
0.052
0.05
0.046
0.044
0.044
0.042
0.042
0.042
0.042
0.04
0.04
0.04
0.04
0.04
0.04
0.04
0.038
0.038
0.038
0.036
0.034
0.034
0.034
0.034
0.034
0.034
0.034
0.034
0.032
0.032
0.028
0.028
0.024
0.024
0.022
0.022
0.022
0.022
0.022
0.02
0.02
0.02
0.02
0.02
0.02
1.0
1.0
1.0
1.0
1.0
1.0
1.0
1.0
1.0
1.0
1.0
1.0
1.0
1.0
0.998
0.988
0.984
0.97
0.964
0.952
0.94
0.936
0.93
0.922
0.916
0.91
0.904
0.9
0.89
0.886
0.886
0.884
0.876
0.872
0.868
0.856
0.848
0.84
0.824
0.818
0.81
0.796
0.792
0.792
0.79
0.784
0.782
0.776
0.774
0.77
0.77
0.762
0.752
0.748
0.746
0.742
0.734
0.732
0.722
0.714
0.712
0.702
0.7
0.698
0.696
0.694
0.69
0.684
0.68
0.672
0.668
0.664
0.662
0.656
0.656
0.652
0.644
0.64
0.636
0.63
0.628
0.628
0.622
0.614
0.606
0.598
0.596
0.59
0.578
0.574
0.564
0.56
0.554
0.546
0.544
0.542
0.54
0.534
0.532
0.528
0.52
0.516
0.51
0.504
0.502
0.496
0.488
0.484
0.482
0.48
0.474
0.468
0.464
0.464
0.46
0.456
0.456
0.454
0.448
0.448
0.446
0.442
0.44
0.438
0.438
0.434
0.43
0.43
0.422
0.42
0.414
0.412
0.412
0.41
0.406
0.402
0.4
0.396
0.392
0.392
0.386
0.386
0.382
0.382
0.382
0.38
0.378
0.376
0.366
0.366
0.364
0.364
0.358
0.358
0.356
0.352
0.35
0.346
0.34
0.338
0.328
0.324
0.32
0.318
0.314
0.314
0.31
0.304
0.304
0.3
0.298
0.298
0.29
0.288
0.286
0.286
0.286
0.286
0.284
0.278
0.274
0.272
0.27
0.266
0.258
0.252
0.25
0.25
0.25
0.248
0.242
0.24
0.238
0.236
0.234
0.234
0.234
0.232
0.23
0.228
0.226
1.0
1.0
1.0
1.0
1.0
1.0
1.0
1.0
1.0
1.0
1.0
1.0
1.0
1.0
1.0
0.994
0.99
0.99
0.98
0.978
0.972
0.962
0.956
0.95
0.944
0.938
0.932
0.928
0.92
0.914
0.91
0.906
0.898
0.896
0.89
0.888
0.88
0.874
0.87
0.862
0.856
0.842
0.834
0.83
0.822
0.812
0.808
0.8
0.788
0.78
0.778
0.766
0.762
0.754
0.754
0.748
0.738
0.728
0.718
0.716
0.706
0.694
0.688
0.686
0.686
0.684
0.676
0.668
0.668
0.664
0.654
0.646
0.646
0.642
0.638
0.634
0.63
0.624
0.622
0.614
0.61
0.606
0.6
0.598
0.59
0.59
0.586
0.586
0.586
0.58
0.576
0.574
0.574
0.57
0.562
0.56
0.56
0.556
0.548
0.54
0.538
0.534
0.53
0.524
0.518
0.516
0.506
0.5
0.486
0.484
0.484
0.484
0.482
0.482
0.472
0.47
0.468
0.468
0.466
0.458
0.456
0.456
0.454
0.454
0.448
0.446
0.444
0.442
0.438
0.434
0.428
0.426
0.42
0.42
0.42
0.42
0.414
0.408
0.408
0.402
0.398
0.398
0.396
0.39
0.386
0.386
0.382
0.376
0.372
0.372
0.372
0.368
0.364
0.364
0.358
0.358
0.354
0.354
0.354
0.354
0.354
0.35
0.346
0.344
0.344
0.344
0.342
0.34
0.334
0.332
0.328
0.328
0.326
0.324
0.324
0.324
0.324
0.318
0.314
0.314
0.31
0.31
0.304
0.302
0.302
0.3
0.298
0.292
0.286
0.282
0.282
0.28
0.28
0.28
0.28
0.28
0.28
0.28
0.278
0.274
0.274
1.0
1.0
1.0
1.0
1.0
1.0
1.0
1.0
1.0
1.0
1.0
0.998
0.988
0.918
0.726
0.392
0.112
0.032
0.01
0.002
0.0
0.0
0.0
0.0
0.0
0.0
0.0
0.0
0.0
0.0
0.0
0.0
0.0
0.0
0.0
0.0
0.0
0.0
0.0
0.0
0.0
0.0
0.0
0.0
0.0
0.0
0.0
0.0
0.0
0.0
0.0
0.0
0.0
0.0
0.0
0.0
0.0
0.0
0.0
0.0
0.0
0.0
0.0
0.0
0.0
0.0
0.0
0.0
0.0
0.0
0.0
0.0
0.0
0.0
0.0
0.0
0.0
0.0
0.0
0.0
0.0
0.0
0.0
0.0
0.0
0.0
0.0
0.0
0.0
0.0
0.0
0.0
0.0
0.0
0.0
0.0
0.0
0.0
0.0
0.0
0.0
0.0
0.0
0.0
0.0
0.0
0.0
0.0
0.0
0.0
0.0
0.0
0.0
0.0
0.0
0.0
0.0
0.0
0.0
0.0
0.0
0.0
0.0
0.0
0.0
0.0
0.0
0.0
0.0
0.0
0.0
0.0
0.0
0.0
0.0
0.0
0.0
0.0
0.0
0.0
0.0
0.0
0.0
0.0
0.0
0.0
0.0
0.0
0.0
0.0
0.0
0.0
0.0
0.0
0.0
0.0
0.0
0.0
0.0
0.0
0.0
0.0
0.0
0.0
0.0
0.0
0.0
0.0
0.0
0.0
0.0
0.0
0.0
0.0
0.0
0.0
0.0
0.0
0.0
0.0
0.0
0.0
0.0
0.0
0.0
0.0
0.0
0.0
0.0
0.0
0.0
0.0
0.0
0.0
0.0
0.0
0.0
0.0
0.0
0.0
0.0
1.0
1.0
1.0
1.0
1.0
1.0
1.0
1.0
1.0
1.0
1.0
1.0
0.988
0.938
0.712
0.388
0.104
0.036
0.004
0.002
0.0
0.0
0.0
0.0
0.0
0.0
0.0
0.0
0.0
0.0
0.0
0.0
0.0
0.0
0.0
0.0
0.0
0.0
0.0
0.0
0.0
0.0
0.0
0.0
0.0
0.0
0.0
0.0
0.0
0.0
0.0
0.0
0.0
0.0
0.0
0.0
0.0
0.0
0.0
0.0
0.0
0.0
0.0
0.0
0.0
0.0
0.0
0.0
0.0
0.0
0.0
0.0
0.0
0.0
0.0
0.0
0.0
0.0
0.0
0.0
0.0
0.0
0.0
0.0
0.0
0.0
0.0
0.0
0.0
0.0
0.0
0.0
0.0
0.0
0.0
0.0
0.0
0.0
0.0
0.0
0.0
0.0
0.0
0.0
0.0
0.0
0.0
0.0
0.0
0.0
0.0
0.0
0.0
0.0
0.0
0.0
0.0
0.0
0.0
0.0
0.0
0.0
0.0
0.0
0.0
0.0
0.0
0.0
0.0
0.0
0.0
0.0
0.0
0.0
0.0
0.0
0.0
0.0
0.0
0.0
0.0
0.0
0.0
0.0
0.0
0.0
0.0
0.0
0.0
0.0
0.0
0.0
0.0
0.0
0.0
0.0
0.0
0.0
0.0
0.0
0.0
0.0
0.0
0.0
0.0
0.0
0.0
0.0
0.0
0.0
0.0
0.0
0.0
0.0
0.0
0.0
0.0
0.0
0.0
0.0
0.0
0.0
0.0
0.0
0.0
0.0
0.0
0.0
0.0
0.0
0.0
0.0
0.0
0.0
0.0
0.0
0.0
0.0
0.0
0.0
0.0
1.0
1.0
1.0
1.0
1.0
1.0
1.0
1.0
1.0
1.0
1.0
1.0
0.994
0.942
0.734
0.396
0.108
0.034
0.016
0.008
0.006
0.006
0.004
0.004
0.002
0.002
0.002
0.002
0.002
0.002
0.002
0.002
0.002
0.002
0.002
0.002
0.002
0.002
0.002
0.002
0.002
0.0
0.0
0.0
0.0
0.0
0.0
0.0
0.0
0.0
0.0
0.0
0.0
0.0
0.0
0.0
0.0
0.0
0.0
0.0
0.0
0.0
0.0
0.0
0.0
0.0
0.0
0.0
0.0
0.0
0.0
0.0
0.0
0.0
0.0
0.0
0.0
0.0
0.0
0.0
0.0
0.0
0.0
0.0
0.0
0.0
0.0
0.0
0.0
0.0
0.0
0.0
0.0
0.0
0.0
0.0
0.0
0.0
0.0
0.0
0.0
0.0
0.0
0.0
0.0
0.0
0.0
0.0
0.0
0.0
0.0
0.0
0.0
0.0
0.0
0.0
0.0
0.0
0.0
0.0
0.0
0.0
0.0
0.0
0.0
0.0
0.0
0.0
0.0
0.0
0.0
0.0
0.0
0.0
0.0
0.0
0.0
0.0
0.0
0.0
0.0
0.0
0.0
0.0
0.0
0.0
0.0
0.0
0.0
0.0
0.0
0.0
0.0
0.0
0.0
0.0
0.0
0.0
0.0
0.0
0.0
0.0
0.0
0.0
0.0
0.0
0.0
0.0
0.0
0.0
0.0
0.0
0.0
0.0
0.0
0.0
0.0
0.0
0.0
0.0
0.0
0.0
0.0
0.0
0.0
0.0
0.0
0.0
0.0
0.0
0.0
0.0
0.0
0.0
0.0
0.0
0.0
0.0
0.0
0.0
0.0
1.0
1.0
1.0
1.0
1.0
1.0
1.0
1.0
1.0
1.0
1.0
1.0
0.994
0.94
0.766
0.412
0.114
0.032
0.02
0.012
0.004
0.002
0.002
0.002
0.002
0.002
0.002
0.002
0.0
0.0
0.0
0.0
0.0
0.0
0.0
0.0
0.0
0.0
0.0
0.0
0.0
0.0
0.0
0.0
0.0
0.0
0.0
0.0
0.0
0.0
0.0
0.0
0.0
0.0
0.0
0.0
0.0
0.0
0.0
0.0
0.0
0.0
0.0
0.0
0.0
0.0
0.0
0.0
0.0
0.0
0.0
0.0
0.0
0.0
0.0
0.0
0.0
0.0
0.0
0.0
0.0
0.0
0.0
0.0
0.0
0.0
0.0
0.0
0.0
0.0
0.0
0.0
0.0
0.0
0.0
0.0
0.0
0.0
0.0
0.0
0.0
0.0
0.0
0.0
0.0
0.0
0.0
0.0
0.0
0.0
0.0
0.0
0.0
0.0
0.0
0.0
0.0
0.0
0.0
0.0
0.0
0.0
0.0
0.0
0.0
0.0
0.0
0.0
0.0
0.0
0.0
0.0
0.0
0.0
0.0
0.0
0.0
0.0
0.0
0.0
0.0
0.0
0.0
0.0
0.0
0.0
0.0
0.0
0.0
0.0
0.0
0.0
0.0
0.0
0.0
0.0
0.0
0.0
0.0
0.0
0.0
0.0
0.0
0.0
0.0
0.0
0.0
0.0
0.0
0.0
0.0
0.0
0.0
0.0
0.0
0.0
0.0
0.0
0.0
0.0
0.0
0.0
0.0
0.0
0.0
0.0
0.0
0.0
0.0
0.0
0.0
0.0
0.0
0.0
0.0
0.0
0.0
0.0
0.0
0.0
0.0
1.0
1.0
1.0
1.0
1.0
1.0
1.0
1.0
1.0
1.0
1.0
1.0
0.998
0.99
0.948
0.868
0.706
0.568
0.476
0.394
0.32
0.268
0.23
0.208
0.184
0.152
0.132
0.116
0.092
0.08
0.07
0.06
0.054
0.052
0.042
0.036
0.026
0.024
0.016
0.016
0.014
0.012
0.008
0.008
0.006
0.004
0.004
0.004
0.002
0.002
0.0
0.0
0.0
0.0
0.0
0.0
0.0
0.0
0.0
0.0
0.0
0.0
0.0
0.0
0.0
0.0
0.0
0.0
0.0
0.0
0.0
0.0
0.0
0.0
0.0
0.0
0.0
0.0
0.0
0.0
0.0
0.0
0.0
0.0
0.0
0.0
0.0
0.0
0.0
0.0
0.0
0.0
0.0
0.0
0.0
0.0
0.0
0.0
0.0
0.0
0.0
0.0
0.0
0.0
0.0
0.0
0.0
0.0
0.0
0.0
0.0
0.0
0.0
0.0
0.0
0.0
0.0
0.0
0.0
0.0
0.0
0.0
0.0
0.0
0.0
0.0
0.0
0.0
0.0
0.0
0.0
0.0
0.0
0.0
0.0
0.0
0.0
0.0
0.0
0.0
0.0
0.0
0.0
0.0
0.0
0.0
0.0
0.0
0.0
0.0
0.0
0.0
0.0
0.0
0.0
0.0
0.0
0.0
0.0
0.0
0.0
0.0
0.0
0.0
0.0
0.0
0.0
0.0
0.0
0.0
0.0
0.0
0.0
0.0
0.0
0.0
0.0
0.0
0.0
0.0
0.0
0.0
0.0
0.0
0.0
0.0
0.0
0.0
0.0
0.0
0.0
0.0
0.0
0.0
0.0
0.0
0.0
0.0
0.0
0.0
0.0
1.0
1.0
1.0
1.0
1.0
1.0
1.0
1.0
1.0
1.0
1.0
1.0
1.0
1.0
0.998
0.994
0.982
0.97
0.962
0.95
0.918
0.91
0.882
0.874
0.858
0.824
0.788
0.774
0.756
0.734
0.72
0.708
0.704
0.688
0.674
0.662
0.642
0.626
0.596
0.578
0.568
0.558
0.546
0.532
0.52
0.51
0.496
0.48
0.472
0.462
0.452
0.44
0.434
0.424
0.422
0.41
0.402
0.392
0.39
0.388
0.384
0.376
0.366
0.36
0.358
0.35
0.344
0.344
0.328
0.316
0.302
0.296
0.29
0.286
0.278
0.27
0.264
0.26
0.252
0.248
0.24
0.232
0.228
0.224
0.22
0.214
0.212
0.212
0.206
0.204
0.202
0.196
0.192
0.188
0.18
0.176
0.174
0.166
0.162
0.152
0.152
0.142
0.136
0.132
0.132
0.13
0.126
0.124
0.122
0.12
0.118
0.114
0.112
0.11
0.11
0.108
0.106
0.106
0.104
0.102
0.102
0.096
0.094
0.09
0.09
0.088
0.086
0.086
0.082
0.078
0.078
0.078
0.076
0.074
0.07
0.068
0.068
0.064
0.062
0.062
0.062
0.062
0.062
0.062
0.06
0.06
0.06
0.058
0.056
0.056
0.056
0.056
0.056
0.054
0.05
0.048
0.048
0.044
0.044
0.042
0.038
0.038
0.038
0.038
0.038
0.036
0.036
0.036
0.036
0.034
0.032
0.03
0.028
0.028
0.028
0.028
0.028
0.026
0.024
0.024
0.022
0.022
0.022
0.02
0.018
0.018
0.018
0.018
0.018
0.016
0.016
0.016
0.016
0.016
0.016
0.016
0.016
0.014
0.014
0.014
0.014
1.0
1.0
1.0
1.0
1.0
1.0
1.0
1.0
1.0
1.0
1.0
1.0
1.0
1.0
1.0
0.998
0.992
0.992
0.982
0.976
0.97
0.958
0.954
0.948
0.944
0.944
0.934
0.92
0.918
0.916
0.906
0.898
0.884
0.876
0.87
0.866
0.862
0.858
0.852
0.85
0.85
0.846
0.842
0.836
0.828
0.818
0.81
0.796
0.788
0.782
0.776
0.772
0.77
0.764
0.762
0.762
0.76
0.756
0.752
0.752
0.746
0.742
0.734
0.73
0.728
0.722
0.718
0.714
0.708
0.7
0.698
0.694
0.686
0.678
0.67
0.666
0.656
0.656
0.652
0.65
0.646
0.64
0.636
0.634
0.63
0.622
0.618
0.61
0.608
0.606
0.6
0.598
0.59
0.584
0.584
0.58
0.574
0.566
0.564
0.55
0.546
0.546
0.538
0.532
0.528
0.526
0.522
0.52
0.518
0.518
0.512
0.506
0.5
0.494
0.492
0.482
0.478
0.476
0.472
0.472
0.464
0.46
0.458
0.458
0.456
0.448
0.444
0.444
0.442
0.442
0.436
0.434
0.434
0.432
0.43
0.428
0.428
0.428
0.426
0.422
0.414
0.41
0.41
0.41
0.408
0.402
0.394
0.394
0.394
0.384
0.382
0.38
0.38
0.378
0.374
0.374
0.374
0.374
0.374
0.372
0.372
0.37
0.368
0.368
0.36
0.358
0.356
0.354
0.354
0.352
0.346
0.346
0.344
0.342
0.336
0.336
0.336
0.334
0.334
0.334
0.332
0.326
0.324
0.318
0.316
0.316
0.314
0.312
0.312
0.306
0.304
0.304
0.302
0.298
0.296
0.292
0.288
0.288
0.288
0.286
0.286
1.0
1.0
1.0
1.0
1.0
1.0
1.0
1.0
1.0
1.0
1.0
1.0
1.0
1.0
1.0
1.0
0.994
0.986
0.984
0.98
0.972
0.968
0.962
0.958
0.954
0.944
0.936
0.924
0.92
0.914
0.912
0.902
0.892
0.886
0.876
0.876
0.866
0.858
0.856
0.854
0.848
0.846
0.846
0.838
0.826
0.822
0.816
0.816
0.812
0.804
0.796
0.788
0.784
0.78
0.778
0.77
0.766
0.762
0.76
0.76
0.752
0.748
0.744
0.738
0.732
0.73
0.722
0.716
0.71
0.71
0.708
0.704
0.704
0.696
0.694
0.692
0.684
0.678
0.676
0.672
0.668
0.66
0.656
0.656
0.654
0.65
0.648
0.64
0.636
0.63
0.628
0.622
0.616
0.614
0.61
0.608
0.606
0.6
0.596
0.588
0.584
0.58
0.576
0.572
0.57
0.57
0.566
0.564
0.558
0.556
0.556
0.552
0.552
0.542
0.532
0.528
0.526
0.524
0.52
0.516
0.516
0.514
0.51
0.508
0.508
0.504
0.496
0.494
0.49
0.488
0.486
0.482
0.482
0.48
0.474
0.472
0.466
0.464
0.464
0.458
0.454
0.454
0.454
0.452
0.452
0.45
0.45
0.45
0.448
0.444
0.442
0.438
0.436
0.432
0.432
0.432
0.428
0.426
0.426
0.426
0.422
0.416
0.416
0.416
0.416
0.414
0.412
0.408
0.402
0.398
0.396
0.396
0.396
0.39
0.388
0.382
0.376
0.372
0.37
0.368
0.368
0.364
0.362
0.358
0.354
0.352
0.35
0.346
0.344
0.344
0.338
0.338
0.336
0.336
0.334
0.332
0.33
0.324
0.322
0.322
0.322
