1.0
1.0
1.0
1.0
1.0
1.0
1.0
1.0
1.0
1.0
0.97
0.75
0.282
0.038
0.008
0.002
0.0
0.0
0.0
0.0
0.0
0.0
0.0
0.0
0.0
0.0
0.0
0.0
0.0
0.0
0.0
0.0
0.0
0.0
0.0
0.0
0.0
0.0
0.0
0.0
0.0
0.0
0.0
0.0
0.0
0.0
0.0
0.0
0.0
0.0
0.0
0.0
0.0
0.0
0.0
0.0
0.0
0.0
0.0
0.0
0.0
0.0
0.0
0.0
0.0
0.0
0.0
0.0
0.0
0.0
0.0
0.0
0.0
0.0
0.0
0.0
0.0
0.0
0.0
0.0
0.0
0.0
0.0
0.0
0.0
0.0
0.0
0.0
0.0
0.0
0.0
0.0
0.0
0.0
0.0
0.0
0.0
0.0
0.0
0.0
0.0
0.0
0.0
0.0
0.0
0.0
0.0
0.0
0.0
0.0
0.0
0.0
0.0
0.0
0.0
0.0
0.0
0.0
0.0
0.0
0.0
0.0
0.0
0.0
0.0
0.0
0.0
0.0
0.0
0.0
0.0
0.0
0.0
0.0
0.0
0.0
0.0
0.0
0.0
0.0
0.0
0.0
0.0
0.0
0.0
0.0
0.0
0.0
0.0
0.0
0.0
0.0
0.0
0.0
0.0
0.0
0.0
0.0
0.0
0.0
0.0
0.0
0.0
0.0
0.0
0.0
0.0
0.0
0.0
0.0
0.0
0.0
0.0
0.0
0.0
0.0
0.0
0.0
0.0
0.0
0.0
0.0
0.0
0.0
0.0
0.0
0.0
0.0
0.0
0.0
0.0
0.0
0.0
0.0
0.0
0.0
0.0
0.0
0.0
0.0
0.0
1.0
1.0
1.0
1.0
1.0
1.0
1.0
1.0
1.0
1.0
0.972
0.75
0.302
0.044
0.01
0.0
0.0
0.0
0.0
0.0
0.0
0.0
0.0
0.0
0.0
0.0
0.0
0.0
0.0
0.0
0.0
0.0
0.0
0.0
0.0
0.0
0.0
0.0
0.0
0.0
0.0
0.0
0.0
0.0
0.0
0.0
0.0
0.0
0.0
0.0
0.0
0.0
0.0
0.0
0.0
0.0
0.0
0.0
0.0
0.0
0.0
0.0
0.0
0.0
0.0
0.0
0.0
0.0
0.0
0.0
0.0
0.0
0.0
0.0
0.0
0.0
0.0
0.0
0.0
0.0
0.0
0.0
0.0
0.0
0.0
0.0
0.0
0.0
0.0
0.0
0.0
0.0
0.0
0.0
0.0
0.0
0.0
0.0
0.0
0.0
0.0
0.0
0.0
0.0
0.0
0.0
0.0
0.0
0.0
0.0
0.0
0.0
0.0
0.0
0.0
0.0
0.0
0.0
0.0
0.0
0.0
0.0
0.0
0.0
0.0
0.0
0.0
0.0
0.0
0.0
0.0
0.0
0.0
0.0
0.0
0.0
0.0
0.0
0.0
0.0
0.0
0.0
0.0
0.0
0.0
0.0
0.0
0.0
0.0
0.0
0.0
0.0
0.0
0.0
0.0
0.0
0.0
0.0
0.0
0.0
0.0
0.0
0.0
0.0
0.0
0.0
0.0
0.0
0.0
0.0
0.0
0.0
0.0
0.0
0.0
0.0
0.0
0.0
0.0
0.0
0.0
0.0
0.0
0.0
0.0
0.0
0.0
0.0
0.0
0.0
0.0
0.0
0.0
0.0
0.0
0.0
0.0
0.0
0.0
0.0
0.0
1.0
1.0
1.0
1.0
1.0
1.0
1.0
1.0
1.0
1.0
0.986
0.786
0.326
0.07
0.014
0.004
0.0
0.0
0.0
0.0
0.0
0.0
0.0
0.0
0.0
0.0
0.0
0.0
0.0
0.0
0.0
0.0
0.0
0.0
0.0
0.0
0.0
0.0
0.0
0.0
0.0
0.0
0.0
0.0
0.0
0.0
0.0
0.0
0.0
0.0
0.0
0.0
0.0
0.0
0.0
0.0
0.0
0.0
0.0
0.0
0.0
0.0
0.0
0.0
0.0
0.0
0.0
0.0
0.0
0.0
0.0
0.0
0.0
0.0
0.0
0.0
0.0
0.0
0.0
0.0
0.0
0.0
0.0
0.0
0.0
0.0
0.0
0.0
0.0
0.0
0.0
0.0
0.0
0.0
0.0
0.0
0.0
0.0
0.0
0.0
0.0
0.0
0.0
0.0
0.0
0.0
0.0
0.0
0.0
0.0
0.0
0.0
0.0
0.0
0.0
0.0
0.0
0.0
0.0
0.0
0.0
0.0
0.0
0.0
0.0
0.0
0.0
0.0
0.0
0.0
0.0
0.0
0.0
0.0
0.0
0.0
0.0
0.0
0.0
0.0
0.0
0.0
0.0
0.0
0.0
0.0
0.0
0.0
0.0
0.0
0.0
0.0
0.0
0.0
0.0
0.0
0.0
0.0
0.0
0.0
0.0
0.0
0.0
0.0
0.0
0.0
0.0
0.0
0.0
0.0
0.0
0.0
0.0
0.0
0.0
0.0
0.0
0.0
0.0
0.0
0.0
0.0
0.0
0.0
0.0
0.0
0.0
0.0
0.0
0.0
0.0
0.0
0.0
0.0
0.0
0.0
0.0
0.0
0.0
0.0
0.0
1.0
1.0
1.0
1.0
1.0
1.0
1.0
1.0
1.0
1.0
0.99
0.828
0.37
0.056
0.02
0.012
0.004
0.002
0.0
0.0
0.0
0.0
0.0
0.0
0.0
0.0
0.0
0.0
0.0
0.0
0.0
0.0
0.0
0.0
0.0
0.0
0.0
0.0
0.0
0.0
0.0
0.0
0.0
0.0
0.0
0.0
0.0
0.0
0.0
0.0
0.0
0.0
0.0
0.0
0.0
0.0
0.0
0.0
0.0
0.0
0.0
0.0
0.0
0.0
0.0
0.0
0.0
0.0
0.0
0.0
0.0
0.0
0.0
0.0
0.0
0.0
0.0
0.0
0.0
0.0
0.0
0.0
0.0
0.0
0.0
0.0
0.0
0.0
0.0
0.0
0.0
0.0
0.0
0.0
0.0
0.0
0.0
0.0
0.0
0.0
0.0
0.0
0.0
0.0
0.0
0.0
0.0
0.0
0.0
0.0
0.0
0.0
0.0
0.0
0.0
0.0
0.0
0.0
0.0
0.0
0.0
0.0
0.0
0.0
0.0
0.0
0.0
0.0
0.0
0.0
0.0
0.0
0.0
0.0
0.0
0.0
0.0
0.0
0.0
0.0
0.0
0.0
0.0
0.0
0.0
0.0
0.0
0.0
0.0
0.0
0.0
0.0
0.0
0.0
0.0
0.0
0.0
0.0
0.0
0.0
0.0
0.0
0.0
0.0
0.0
0.0
0.0
0.0
0.0
0.0
0.0
0.0
0.0
0.0
0.0
0.0
0.0
0.0
0.0
0.0
0.0
0.0
0.0
0.0
0.0
0.0
0.0
0.0
0.0
0.0
0.0
0.0
0.0
0.0
0.0
0.0
0.0
0.0
0.0
0.0
0.0
1.0
1.0
1.0
1.0
1.0
1.0
1.0
1.0
1.0
1.0
0.994
0.93
0.75
0.514
0.326
0.214
0.152
0.12
0.088
0.068
0.042
0.036
0.028
0.022
0.014
0.01
0.01
0.006
0.004
0.004
0.002
0.002
0.002
0.0
0.0
0.0
0.0
0.0
0.0
0.0
0.0
0.0
0.0
0.0
0.0
0.0
0.0
0.0
0.0
0.0
0.0
0.0
0.0
0.0
0.0
0.0
0.0
0.0
0.0
0.0
0.0
0.0
0.0
0.0
0.0
0.0
0.0
0.0
0.0
0.0
0.0
0.0
0.0
0.0
0.0
0.0
0.0
0.0
0.0
0.0
0.0
0.0
0.0
0.0
0.0
0.0
0.0
0.0
0.0
0.0
0.0
0.0
0.0
0.0
0.0
0.0
0.0
0.0
0.0
0.0
0.0
0.0
0.0
0.0
0.0
0.0
0.0
0.0
0.0
0.0
0.0
0.0
0.0
0.0
0.0
0.0
0.0
0.0
0.0
0.0
0.0
0.0
0.0
0.0
0.0
0.0
0.0
0.0
0.0
0.0
0.0
0.0
0.0
0.0
0.0
0.0
0.0
0.0
0.0
0.0
0.0
0.0
0.0
0.0
0.0
0.0
0.0
0.0
0.0
0.0
0.0
0.0
0.0
0.0
0.0
0.0
0.0
0.0
0.0
0.0
0.0
0.0
0.0
0.0
0.0
0.0
0.0
0.0
0.0
0.0
0.0
0.0
0.0
0.0
0.0
0.0
0.0
0.0
0.0
0.0
0.0
0.0
0.0
0.0
0.0
0.0
0.0
0.0
0.0
0.0
0.0
0.0
0.0
0.0
0.0
0.0
0.0
0.0
0.0
0.0
0.0
1.0
1.0
1.0
1.0
1.0
1.0
1.0
1.0
1.0
1.0
0.996
0.992
0.97
0.936
0.884
0.85
0.798
0.744
0.7
0.67
0.642
0.594
0.564
0.53
0.504
0.468
0.44
0.422
0.394
0.372
0.336
0.31
0.296
0.28
0.26
0.244
0.23
0.21
0.204
0.194
0.184
0.172
0.162
0.148
0.134
0.122
0.114
0.108
0.104
0.096
0.092
0.088
0.084
0.08
0.074
0.072
0.068
0.062
0.06
0.056
0.054
0.046
0.042
0.04
0.036
0.034
0.03
0.028
0.028
0.028
0.024
0.024
0.02
0.02
0.016
0.016
0.016
0.016
0.016
0.014
0.012
0.012
0.012
0.012
0.01
0.01
0.008
0.008
0.008
0.008
0.008
0.008
0.008
0.008
0.004
0.002
0.002
0.002
0.002
0.002
0.002
0.002
0.002
0.002
0.002
0.002
0.002
0.0
0.0
0.0
0.0
0.0
0.0
0.0
0.0
0.0
0.0
0.0
0.0
0.0
0.0
0.0
0.0
0.0
0.0
0.0
0.0
0.0
0.0
0.0
0.0
0.0
0.0
0.0
0.0
0.0
0.0
0.0
0.0
0.0
0.0
0.0
0.0
0.0
0.0
0.0
0.0
0.0
0.0
0.0
0.0
0.0
0.0
0.0
0.0
0.0
0.0
0.0
0.0
0.0
0.0
0.0
0.0
0.0
0.0
0.0
0.0
0.0
0.0
0.0
0.0
0.0
0.0
0.0
0.0
0.0
0.0
0.0
0.0
0.0
0.0
0.0
0.0
0.0
0.0
0.0
0.0
0.0
0.0
0.0
0.0
0.0
0.0
0.0
0.0
0.0
0.0
0.0
0.0
0.0
0.0
1.0
1.0
1.0
1.0
1.0
1.0
1.0
1.0
1.0
1.0
1.0
1.0
0.996
0.978
0.956
0.948
0.928
0.908
0.896
0.876
0.862
0.848
0.83
0.818
0.802
0.79
0.784
0.766
0.756
0.732
0.722
0.702
0.678
0.67
0.66
0.65
0.638
0.616
0.612
0.608
0.592
0.58
0.562
0.54
0.526
0.52
0.506
0.484
0.472
0.46
0.452
0.444
0.43
0.418
0.416
0.41
0.396
0.386
0.38
0.37
0.358
0.35
0.344
0.334
0.332
0.326
0.322
0.314
0.308
0.3
0.294
0.288
0.284
0.272
0.266
0.262
0.258
0.246
0.244
0.232
0.222
0.214
0.206
0.2
0.198
0.19
0.18
0.172
0.162
0.16
0.156
0.146
0.146
0.146
0.144
0.142
0.14
0.134
0.122
0.122
0.12
0.116
0.116
0.112
0.106
0.1
0.098
0.098
0.098
0.098
0.098
0.098
0.096
0.092
0.092
0.09
0.088
0.086
0.086
0.084
0.082
0.08
0.08
0.078
0.078
0.076
0.076
0.076
0.072
0.066
0.062
0.062
0.062
0.062
0.062
0.062
0.062
0.058
0.054
0.054
0.05
0.048
0.048
0.048
0.048
0.048
0.046
0.044
0.044
0.044
0.044
0.042
0.04
0.04
0.038
0.038
0.038
0.036
0.036
0.034
0.032
0.032
0.028
0.028
0.026
0.026
0.024
0.022
0.02
0.02
0.02
0.02
0.02
0.018
0.018
0.018
0.018
0.018
0.018
0.018
0.018
0.016
0.016
0.016
0.016
0.016
0.016
0.016
0.014
0.014
0.014
0.014
0.014
0.014
0.014
0.014
0.014
0.014
0.012
0.012
0.012
1.0
1.0
1.0
1.0
1.0
1.0
1.0
1.0
1.0
1.0
1.0
0.998
0.988
0.972
0.956
0.944
0.92
0.908
0.892
0.882
0.866
0.854
0.844
0.822
0.812
0.792
0.776
0.768
0.76
0.74
0.716
0.704
0.686
0.668
0.656
0.648
0.642
0.624
0.614
0.588
0.578
0.556
0.542
0.534
0.522
0.514
0.51
0.502
0.492
0.486
0.476
0.476
0.47
0.46
0.454
0.446
0.444
0.436
0.422
0.416
0.412
0.402
0.394
0.386
0.386
0.378
0.378
0.368
0.364
0.36
0.356
0.35
0.336
0.33
0.326
0.32
0.314
0.304
0.292
0.288
0.286
0.28
0.278
0.272
0.266
0.254
0.244
0.242
0.236
0.23
0.228
0.222
0.216
0.214
0.21
0.206
0.206
0.2
0.194
0.192
0.184
0.18
0.17
0.164
0.156
0.154
0.152
0.15
0.144
0.144
0.14
0.138
0.138
0.138
0.138
0.136
0.134
0.128
0.128
0.126
0.126
0.122
0.118
0.116
0.112
0.106
0.1
0.098
0.096
0.096
0.096
0.094
0.094
0.094
0.092
0.09
0.086
0.082
0.082
0.08
0.078
0.076
0.076
0.076
0.074
0.074
0.07
0.07
0.07
0.068
0.068
0.068
0.068
0.066
0.064
0.06
0.058
0.056
0.056
0.056
0.056
0.056
0.056
0.056
0.052
0.05
0.05
0.05
0.05
0.05
0.048
0.046
0.044
0.044
0.044
0.04
0.038
0.038
0.038
0.038
0.038
0.038
0.038
0.038
0.036
0.036
0.036
0.036
0.036
0.034
0.034
0.034
0.034
0.034
0.034
0.034
0.034
0.032
0.032
0.03
0.03
1.0
1.0
1.0
1.0
1.0
1.0
1.0
1.0
1.0
1.0
1.0
0.992
0.906
0.574
0.19
0.056
0.008
0.0
0.0
0.0
0.0
0.0
0.0
0.0
0.0
0.0
0.0
0.0
0.0
0.0
0.0
0.0
0.0
0.0
0.0
0.0
0.0
0.0
0.0
0.0
0.0
0.0
0.0
0.0
0.0
0.0
0.0
0.0
0.0
0.0
0.0
0.0
0.0
0.0
0.0
0.0
0.0
0.0
0.0
0.0
0.0
0.0
0.0
0.0
0.0
0.0
0.0
0.0
0.0
0.0
0.0
0.0
0.0
0.0
0.0
0.0
0.0
0.0
0.0
0.0
0.0
0.0
0.0
0.0
0.0
0.0
0.0
0.0
0.0
0.0
0.0
0.0
0.0
0.0
0.0
0.0
0.0
0.0
0.0
0.0
0.0
0.0
0.0
0.0
0.0
0.0
0.0
0.0
0.0
0.0
0.0
0.0
0.0
0.0
0.0
0.0
0.0
0.0
0.0
0.0
0.0
0.0
0.0
0.0
0.0
0.0
0.0
0.0
0.0
0.0
0.0
0.0
0.0
0.0
0.0
0.0
0.0
0.0
0.0
0.0
0.0
0.0
0.0
0.0
0.0
0.0
0.0
0.0
0.0
0.0
0.0
0.0
0.0
0.0
0.0
0.0
0.0
0.0
0.0
0.0
0.0
0.0
0.0
0.0
0.0
0.0
0.0
0.0
0.0
0.0
0.0
0.0
0.0
0.0
0.0
0.0
0.0
0.0
0.0
0.0
0.0
0.0
0.0
0.0
0.0
0.0
0.0
0.0
0.0
0.0
0.0
0.0
0.0
0.0
0.0
0.0
0.0
0.0
0.0
0.0
0.0
1.0
1.0
1.0
1.0
1.0
1.0
1.0
1.0
1.0
1.0
1.0
0.99
0.898
0.604
0.22
0.058
0.012
0.006
0.0
0.0
0.0
0.0
0.0
0.0
0.0
0.0
0.0
0.0
0.0
0.0
0.0
0.0
0.0
0.0
0.0
0.0
0.0
0.0
0.0
0.0
0.0
0.0
0.0
0.0
0.0
0.0
0.0
0.0
0.0
0.0
0.0
0.0
0.0
0.0
0.0
0.0
0.0
0.0
0.0
0.0
0.0
0.0
0.0
0.0
0.0
0.0
0.0
0.0
0.0
0.0
0.0
0.0
0.0
0.0
0.0
0.0
0.0
0.0
0.0
0.0
0.0
0.0
0.0
0.0
0.0
0.0
0.0
0.0
0.0
0.0
0.0
0.0
0.0
0.0
0.0
0.0
0.0
0.0
0.0
0.0
0.0
0.0
0.0
0.0
0.0
0.0
0.0
0.0
0.0
0.0
0.0
0.0
0.0
0.0
0.0
0.0
0.0
0.0
0.0
0.0
0.0
0.0
0.0
0.0
0.0
0.0
0.0
0.0
0.0
0.0
0.0
0.0
0.0
0.0
0.0
0.0
0.0
0.0
0.0
0.0
0.0
0.0
0.0
0.0
0.0
0.0
0.0
0.0
0.0
0.0
0.0
0.0
0.0
0.0
0.0
0.0
0.0
0.0
0.0
0.0
0.0
0.0
0.0
0.0
0.0
0.0
0.0
0.0
0.0
0.0
0.0
0.0
0.0
0.0
0.0
0.0
0.0
0.0
0.0
0.0
0.0
0.0
0.0
0.0
0.0
0.0
0.0
0.0
0.0
0.0
0.0
0.0
0.0
0.0
0.0
0.0
0.0
0.0
0.0
0.0
0.0
1.0
1.0
1.0
1.0
1.0
1.0
1.0
1.0
1.0
1.0
1.0
0.992
0.91
0.652
0.256
0.068
0.022
0.01
0.006
0.004
0.002
0.002
0.002
0.0
0.0
0.0
0.0
0.0
0.0
0.0
0.0
0.0
0.0
0.0
0.0
0.0
0.0
0.0
0.0
0.0
0.0
0.0
0.0
0.0
0.0
0.0
0.0
0.0
0.0
0.0
0.0
0.0
0.0
0.0
0.0
0.0
0.0
0.0
0.0
0.0
0.0
0.0
0.0
0.0
0.0
0.0
0.0
0.0
0.0
0.0
0.0
0.0
0.0
0.0
0.0
0.0
0.0
0.0
0.0
0.0
0.0
0.0
0.0
0.0
0.0
0.0
0.0
0.0
0.0
0.0
0.0
0.0
0.0
0.0
0.0
0.0
0.0
0.0
0.0
0.0
0.0
0.0
0.0
0.0
0.0
0.0
0.0
0.0
0.0
0.0
0.0
0.0
0.0
0.0
0.0
0.0
0.0
0.0
0.0
0.0
0.0
0.0
0.0
0.0
0.0
0.0
0.0
0.0
0.0
0.0
0.0
0.0
0.0
0.0
0.0
0.0
0.0
0.0
0.0
0.0
0.0
0.0
0.0
0.0
0.0
0.0
0.0
0.0
0.0
0.0
0.0
0.0
0.0
0.0
0.0
0.0
0.0
0.0
0.0
0.0
0.0
0.0
0.0
0.0
0.0
0.0
0.0
0.0
0.0
0.0
0.0
0.0
0.0
0.0
0.0
0.0
0.0
0.0
0.0
0.0
0.0
0.0
0.0
0.0
0.0
0.0
0.0
0.0
0.0
0.0
0.0
0.0
0.0
0.0
0.0
0.0
0.0
0.0
0.0
0.0
0.0
1.0
1.0
1.0
1.0
1.0
1.0
1.0
1.0
1.0
1.0
1.0
0.994
0.94
0.71
0.26
0.044
0.024
0.012
0.01
0.008
0.006
0.006
0.006
0.006
0.004
0.004
0.0
0.0
0.0
0.0
0.0
0.0
0.0
0.0
0.0
0.0
0.0
0.0
0.0
0.0
0.0
0.0
0.0
0.0
0.0
0.0
0.0
0.0
0.0
0.0
0.0
0.0
0.0
0.0
0.0
0.0
0.0
0.0
0.0
0.0
0.0
0.0
0.0
0.0
0.0
0.0
0.0
0.0
0.0
0.0
0.0
0.0
0.0
0.0
0.0
0.0
0.0
0.0
0.0
0.0
0.0
0.0
0.0
0.0
0.0
0.0
0.0
0.0
0.0
0.0
0.0
0.0
0.0
0.0
0.0
0.0
0.0
0.0
0.0
0.0
0.0
0.0
0.0
0.0
0.0
0.0
0.0
0.0
0.0
0.0
0.0
0.0
0.0
0.0
0.0
0.0
0.0
0.0
0.0
0.0
0.0
0.0
0.0
0.0
0.0
0.0
0.0
0.0
0.0
0.0
0.0
0.0
0.0
0.0
0.0
0.0
0.0
0.0
0.0
0.0
0.0
0.0
0.0
0.0
0.0
0.0
0.0
0.0
0.0
0.0
0.0
0.0
0.0
0.0
0.0
0.0
0.0
0.0
0.0
0.0
0.0
0.0
0.0
0.0
0.0
0.0
0.0
0.0
0.0
0.0
0.0
0.0
0.0
0.0
0.0
0.0
0.0
0.0
0.0
0.0
0.0
0.0
0.0
0.0
0.0
0.0
0.0
0.0
0.0
0.0
0.0
0.0
0.0
0.0
0.0
0.0
0.0
0.0
0.0
0.0
0.0
1.0
1.0
1.0
1.0
1.0
1.0
1.0
1.0
1.0
1.0
1.0
0.998
0.986
0.924
0.776
0.61
0.454
0.38
0.304
0.256
0.224
0.182
0.16
0.138
0.126
0.102
0.088
0.074
0.062
0.058
0.052
0.048
0.04
0.036
0.034
0.03
0.026
0.024
0.014
0.014
0.014
0.014
0.014
0.012
0.01
0.008
0.004
0.004
0.002
0.002
0.002
0.002
0.002
0.002
0.0
0.0
0.0
0.0
0.0
0.0
0.0
0.0
0.0
0.0
0.0
0.0
0.0
0.0
0.0
0.0
0.0
0.0
0.0
0.0
0.0
0.0
0.0
0.0
0.0
0.0
0.0
0.0
0.0
0.0
0.0
0.0
0.0
0.0
0.0
0.0
0.0
0.0
0.0
0.0
0.0
0.0
0.0
0.0
0.0
0.0
0.0
0.0
0.0
0.0
0.0
0.0
0.0
0.0
0.0
0.0
0.0
0.0
0.0
0.0
0.0
0.0
0.0
0.0
0.0
0.0
0.0
0.0
0.0
0.0
0.0
0.0
0.0
0.0
0.0
0.0
0.0
0.0
0.0
0.0
0.0
0.0
0.0
0.0
0.0
0.0
0.0
0.0
0.0
0.0
0.0
0.0
0.0
0.0
0.0
0.0
0.0
0.0
0.0
0.0
0.0
0.0
0.0
0.0
0.0
0.0
0.0
0.0
0.0
0.0
0.0
0.0
0.0
0.0
0.0
0.0
0.0
0.0
0.0
0.0
0.0
0.0
0.0
0.0
0.0
0.0
0.0
0.0
0.0
0.0
0.0
0.0
0.0
0.0
0.0
0.0
0.0
0.0
0.0
0.0
0.0
0.0
0.0
0.0
0.0
0.0
0.0
1.0
1.0
1.0
1.0
1.0
1.0
1.0
1.0
1.0
1.0
1.0
1.0
1.0
0.996
0.992
0.976
0.952
0.92
0.882
0.86
0.826
0.796
0.772
0.744
0.718
0.698
0.682
0.658
0.64
0.612
0.592
0.558
0.532
0.508
0.488
0.472
0.456
0.45
0.428
0.406
0.396
0.392
0.376
0.36
0.352
0.34
0.334
0.324
0.314
0.308
0.302
0.29
0.284
0.266
0.252
0.242
0.238
0.228
0.222
0.21
0.198
0.194
0.184
0.182
0.164
0.162
0.154
0.152
0.148
0.14
0.14
0.138
0.136
0.128
0.122
0.122
0.12
0.118
0.112
0.108
0.104
0.104
0.098
0.092
0.09
0.088
0.088
0.084
0.084
0.078
0.074
0.072
0.07
0.064
0.064
0.062
0.062
0.06
0.06
0.056
0.052
0.052
0.052
0.046
0.042
0.04
0.04
0.04
0.038
0.038
0.036
0.032
0.032
0.028
0.026
0.026
0.024
0.024
0.024
0.02
0.018
0.018
0.018
0.018
0.016
0.016
0.016
0.016
0.016
0.016
0.016
0.016
0.016
0.016
0.014
0.014
0.014
0.014
0.014
0.014
0.012
0.012
0.012
0.012
0.01
0.01
0.01
0.006
0.006
0.006
0.006
0.006
0.006
0.006
0.004
0.004
0.004
0.002
0.002
0.002
0.002
0.002
0.002
0.002
0.002
0.002
0.002
0.002
0.002
0.002
0.002
0.002
0.002
0.002
0.002
0.002
0.002
0.002
0.002
0.002
0.002
0.002
0.002
0.002
0.002
0.002
0.002
0.002
0.002
0.002
0.002
0.002
0.002
0.002
0.002
0.002
0.002
0.002
0.002
0.002
0.002
1.0
1.0
1.0
1.0
1.0
1.0
1.0
1.0
1.0
1.0
1.0
1.0
0.998
0.996
0.992
0.988
0.984
0.972
0.968
0.958
0.948
0.94
0.93
0.918
0.914
0.906
0.9
0.886
0.874
0.864
0.85
0.842
0.84
0.834
0.828
0.818
0.812
0.798
0.79
0.786
0.774
0.764
0.758
0.758
0.75
0.742
0.738
0.73
0.722
0.714
0.704
0.696
0.688
0.682
0.676
0.67
0.648
0.642
0.64
0.63
0.626
0.618
0.612
0.61
0.598
0.588
0.582
0.572
0.57
0.56
0.554
0.546
0.542
0.536
0.53
0.526
0.52
0.508
0.506
0.498
0.496
0.494
0.49
0.48
0.472
0.468
0.468
0.464
0.456
0.45
0.446
0.444
0.44
0.436
0.43
0.424
0.422
0.422
0.42
0.414
0.414
0.4
0.398
0.392
0.386
0.382
0.374
0.366
0.366
0.364
0.358
0.356
0.354
0.352
0.352
0.348
0.346
0.344
0.338
0.334
0.332
0.332
0.326
0.326
0.318
0.312
0.308
0.306
0.304
0.302
0.298
0.294
0.29
0.286
0.284
0.282
0.278
0.268
0.266
0.266
0.264
0.262
0.262
0.258
0.258
0.254
0.254
0.254
0.248
0.246
0.244
0.244
0.242
0.242
0.24
0.232
0.232
0.232
0.228
0.226
0.222
0.222
0.218
0.214
0.214
0.212
0.212
0.21
0.208
0.202
0.2
0.2
0.198
0.198
0.196
0.194
0.194
0.192
0.188
0.184
0.182
0.18
0.178
0.178
0.178
0.178
0.178
0.176
0.176
0.17
0.17
0.166
0.164
0.16
0.16
0.158
0.154
0.154
0.154
0.15
0.15
1.0
1.0
1.0
1.0
1.0
1.0
1.0
1.0
1.0
1.0
1.0
1.0
1.0
0.994
0.984
0.97
0.968
0.962
0.954
0.944
0.934
0.928
0.92
0.916
0.906
0.898
0.892
0.884
0.88
0.866
0.86
0.856
0.842
0.832
0.82
0.812
0.796
0.79
0.78
0.78
0.776
0.776
0.772
0.766
0.758
0.756
0.752
0.738
0.736
0.732
0.728
0.714
0.704
0.702
0.7
0.69
0.684
0.672
0.67
0.666
0.666
0.658
0.648
0.644
0.64
0.634
0.63
0.618
0.606
0.596
0.588
0.582
0.572
0.562
0.548
0.538
0.53
0.528
0.522
0.514
0.51
0.504
0.496
0.488
0.488
0.488
0.48
0.478
0.47
0.466
0.462
0.454
0.45
0.446
0.436
0.428
0.424
0.416
0.412
0.404
0.4
0.394
0.388
0.384
0.376
0.372
0.37
0.362
0.362
0.36
0.356
0.35
0.342
0.342
0.336
0.332
0.33
0.324
0.322
0.32
0.316
0.316
0.314
0.31
0.308
0.308
0.302
0.302
0.298
0.294
0.294
0.294
0.292
0.288
0.286
0.282
0.274
0.272
0.268
0.268
0.268
0.266
0.266
0.262
0.258
0.254
0.252
0.252
0.248
0.246
0.24
0.236
0.234
0.234
0.232
0.232
0.232
0.228
0.226
0.224
0.224
0.22
0.218
0.218
0.216
0.21
0.206
0.206
0.206
0.204
0.2
0.2
0.198
0.196
0.194
0.192
0.192
0.188
0.188
0.188
0.178
0.178
0.178
0.172
0.166
0.164
0.164
0.162
0.158
0.156
0.156
0.156
0.156
0.154
0.152
0.15
0.148
0.144
0.144
0.144
0.142
1.0
1.0
1.0
1.0
1.0
1.0
1.0
1.0
1.0
1.0
1.0
1.0
0.998
0.948
0.824
0.496
0.206
0.07
0.018
0.008
0.002
0.0
0.0
0.0
0.0
0.0
0.0
0.0
0.0
0.0
0.0
0.0
0.0
0.0
0.0
0.0
0.0
0.0
0.0
0.0
0.0
0.0
0.0
0.0
0.0
0.0
0.0
0.0
0.0
0.0
0.0
0.0
0.0
0.0
0.0
0.0
0.0
0.0
0.0
0.0
0.0
0.0
0.0
0.0
0.0
0.0
0.0
0.0
0.0
0.0
0.0
0.0
0.0
0.0
0.0
0.0
0.0
0.0
0.0
0.0
0.0
0.0
0.0
0.0
0.0
0.0
0.0
0.0
0.0
0.0
0.0
0.0
0.0
0.0
0.0
0.0
0.0
0.0
0.0
0.0
0.0
0.0
0.0
0.0
0.0
0.0
0.0
0.0
0.0
0.0
0.0
0.0
0.0
0.0
0.0
0.0
0.0
0.0
0.0
0.0
0.0
0.0
0.0
0.0
0.0
0.0
0.0
0.0
0.0
0.0
0.0
0.0
0.0
0.0
0.0
0.0
0.0
0.0
0.0
0.0
0.0
0.0
0.0
0.0
0.0
0.0
0.0
0.0
0.0
0.0
0.0
0.0
0.0
0.0
0.0
0.0
0.0
0.0
0.0
0.0
0.0
0.0
0.0
0.0
0.0
0.0
0.0
0.0
0.0
0.0
0.0
0.0
0.0
0.0
0.0
0.0
0.0
0.0
0.0
0.0
0.0
0.0
0.0
0.0
0.0
0.0
0.0
0.0
0.0
0.0
0.0
0.0
0.0
0.0
0.0
0.0
0.0
0.0
0.0
0.0
0.0
1.0
1.0
1.0
1.0
1.0
1.0
1.0
1.0
1.0
1.0
1.0
1.0
1.0
0.956
0.824
0.486
0.172
0.052
0.016
0.002
0.0
0.0
0.0
0.0
0.0
0.0
0.0
0.0
0.0
0.0
0.0
0.0
0.0
0.0
0.0
0.0
0.0
0.0
0.0
0.0
0.0
0.0
0.0
0.0
0.0
0.0
0.0
0.0
0.0
0.0
0.0
0.0
0.0
0.0
0.0
0.0
0.0
0.0
0.0
0.0
0.0
0.0
0.0
0.0
0.0
0.0
0.0
0.0
0.0
0.0
0.0
0.0
0.0
0.0
0.0
0.0
0.0
0.0
0.0
0.0
0.0
0.0
0.0
0.0
0.0
0.0
0.0
0.0
0.0
0.0
0.0
0.0
0.0
0.0
0.0
0.0
0.0
0.0
0.0
0.0
0.0
0.0
0.0
0.0
0.0
0.0
0.0
0.0
0.0
0.0
0.0
0.0
0.0
0.0
0.0
0.0
0.0
0.0
0.0
0.0
0.0
0.0
0.0
0.0
0.0
0.0
0.0
0.0
0.0
0.0
0.0
0.0
0.0
0.0
0.0
0.0
0.0
0.0
0.0
0.0
0.0
0.0
0.0
0.0
0.0
0.0
0.0
0.0
0.0
0.0
0.0
0.0
0.0
0.0
0.0
0.0
0.0
0.0
0.0
0.0
0.0
0.0
0.0
0.0
0.0
0.0
0.0
0.0
0.0
0.0
0.0
0.0
0.0
0.0
0.0
0.0
0.0
0.0
0.0
0.0
0.0
0.0
0.0
0.0
0.0
0.0
0.0
0.0
0.0
0.0
0.0
0.0
0.0
0.0
0.0
0.0
0.0
0.0
0.0
0.0
0.0
1.0
1.0
1.0
1.0
1.0
1.0
1.0
1.0
1.0
1.0
1.0
1.0
0.998
0.978
0.82
0.538
0.172
0.048
0.028
0.02
0.004
0.002
0.002
0.002
0.002
0.002
0.002
0.0
0.0
0.0
0.0
0.0
0.0
0.0
0.0
0.0
0.0
0.0
0.0
0.0
0.0
0.0
0.0
0.0
0.0
0.0
0.0
0.0
0.0
0.0
0.0
0.0
0.0
0.0
0.0
0.0
0.0
0.0
0.0
0.0
0.0
0.0
0.0
0.0
0.0
0.0
0.0
0.0
0.0
0.0
0.0
0.0
0.0
0.0
0.0
0.0
0.0
0.0
0.0
0.0
0.0
0.0
0.0
0.0
0.0
0.0
0.0
0.0
0.0
0.0
0.0
0.0
0.0
0.0
0.0
0.0
0.0
0.0
0.0
0.0
0.0
0.0
0.0
0.0
0.0
0.0
0.0
0.0
0.0
0.0
0.0
0.0
0.0
0.0
0.0
0.0
0.0
0.0
0.0
0.0
0.0
0.0
0.0
0.0
0.0
0.0
0.0
0.0
0.0
0.0
0.0
0.0
0.0
0.0
0.0
0.0
0.0
0.0
0.0
0.0
0.0
0.0
0.0
0.0
0.0
0.0
0.0
0.0
0.0
0.0
0.0
0.0
0.0
0.0
0.0
0.0
0.0
0.0
0.0
0.0
0.0
0.0
0.0
0.0
0.0
0.0
0.0
0.0
0.0
0.0
0.0
0.0
0.0
0.0
0.0
0.0
0.0
0.0
0.0
0.0
0.0
0.0
0.0
0.0
0.0
0.0
0.0
0.0
0.0
0.0
0.0
0.0
0.0
0.0
0.0
0.0
0.0
0.0
0.0
0.0
0.0
1.0
1.0
1.0
1.0
1.0
1.0
1.0
1.0
1.0
1.0
1.0
1.0
0.998
0.968
0.876
0.592
0.202
0.05
0.018
0.01
0.006
0.004
0.004
0.002
0.002
0.002
0.002
0.002
0.002
0.002
0.002
0.002
0.002
0.002
0.002
0.002
0.002
0.002
0.002
0.002
0.002
0.002
0.002
0.002
0.002
0.002
0.002
0.002
0.002
0.002
0.002
0.002
0.002
0.002
0.002
0.002
0.002
0.002
0.002
0.002
0.002
0.002
0.002
0.002
0.002
0.002
0.002
0.002
0.002
0.002
0.002
0.002
0.002
0.002
0.002
0.002
0.002
0.002
0.002
0.002
0.002
0.002
0.002
0.002
0.002
0.002
0.002
0.002
0.002
0.002
0.002
0.002
0.002
0.002
0.002
0.002
0.002
0.002
0.002
0.002
0.002
0.002
0.002
0.002
0.002
0.002
0.002
0.002
0.002
0.002
0.002
0.002
0.002
0.002
0.002
0.002
0.002
0.002
0.002
0.002
0.002
0.002
0.002
0.002
0.002
0.002
0.0
0.0
0.0
0.0
0.0
0.0
0.0
0.0
0.0
0.0
0.0
0.0
0.0
0.0
0.0
0.0
0.0
0.0
0.0
0.0
0.0
0.0
0.0
0.0
0.0
0.0
0.0
0.0
0.0
0.0
0.0
0.0
0.0
0.0
0.0
0.0
0.0
0.0
0.0
0.0
0.0
0.0
0.0
0.0
0.0
0.0
0.0
0.0
0.0
0.0
0.0
0.0
0.0
0.0
0.0
0.0
0.0
0.0
0.0
0.0
0.0
0.0
0.0
0.0
0.0
0.0
0.0
0.0
0.0
0.0
0.0
0.0
0.0
0.0
0.0
1.0
1.0
1.0
1.0
1.0
1.0
1.0
1.0
1.0
1.0
1.0
1.0
0.998
0.996
0.98
0.9
0.772
0.64
0.53
0.442
0.35
0.302
0.254
0.232
0.206
0.186
0.168
0.154
0.14
0.126
0.116
0.106
0.096
0.084
0.078
0.068
0.062
0.058
0.052
0.048
0.042
0.036
0.03
0.03
0.026
0.02
0.014
0.014
0.014
0.014
0.014
0.014
0.01
0.008
0.008
0.008
0.006
0.006
0.006
0.004
0.004
0.004
0.002
0.002
0.002
0.002
0.002
0.002
0.0
0.0
0.0
0.0
0.0
0.0
0.0
0.0
0.0
0.0
0.0
0.0
0.0
0.0
0.0
0.0
0.0
0.0
0.0
0.0
0.0
0.0
0.0
0.0
0.0
0.0
0.0
0.0
0.0
0.0
0.0
0.0
0.0
0.0
0.0
0.0
0.0
0.0
0.0
0.0
0.0
0.0
0.0
0.0
0.0
0.0
0.0
0.0
0.0
0.0
0.0
0.0
0.0
0.0
0.0
0.0
0.0
0.0
0.0
0.0
0.0
0.0
0.0
0.0
0.0
0.0
0.0
0.0
0.0
0.0
0.0
0.0
0.0
0.0
0.0
0.0
0.0
0.0
0.0
0.0
0.0
0.0
0.0
0.0
0.0
0.0
0.0
0.0
0.0
0.0
0.0
0.0
0.0
0.0
0.0
0.0
0.0
0.0
0.0
0.0
0.0
0.0
0.0
0.0
0.0
0.0
0.0
0.0
0.0
0.0
0.0
0.0
0.0
0.0
0.0
0.0
0.0
0.0
0.0
0.0
0.0
0.0
0.0
0.0
0.0
0.0
0.0
0.0
0.0
0.0
0.0
0.0
0.0
1.0
1.0
1.0
1.0
1.0
1.0
1.0
1.0
1.0
1.0
1.0
1.0
1.0
1.0
0.998
0.998
0.996
0.98
0.97
0.958
0.94
0.928
0.914
0.89
0.88
0.858
0.846
0.824
0.808
0.792
0.78
0.766
0.756
0.738
0.718
0.7
0.696
0.676
0.662
0.644
0.638
0.624
0.612
0.598
0.584
0.576
0.572
0.556
0.544
0.538
0.528
0.516
0.5
0.496
0.492
0.482
0.472
0.466
0.446
0.444
0.43
0.426
0.41
0.4
0.392
0.384
0.382
0.378
0.376
0.372
0.368
0.364
0.356
0.336
0.328
0.32
0.314
0.31
0.304
0.294
0.284
0.282
0.276
0.27
0.266
0.266
0.26
0.252
0.246
0.246
0.244
0.234
0.228
0.224
0.224
0.22
0.218
0.21
0.204
0.196
0.186
0.186
0.182
0.182
0.18
0.178
0.176
0.174
0.168
0.166
0.162
0.158
0.152
0.148
0.14
0.138
0.136
0.136
0.126
0.124
0.12
0.12
0.118
0.112
0.11
0.106
0.104
0.104
0.098
0.096
0.096
0.092
0.092
0.092
0.086
0.086
0.084
0.084
0.082
0.08
0.078
0.076
0.074
0.074
0.066
0.066
0.066
0.066
0.064
0.064
0.062
0.062
0.062
0.062
0.058
0.056
0.054
0.054
0.054
0.052
0.052
0.05
0.05
0.048
0.048
0.046
0.046
0.046
0.046
0.046
0.046
0.044
0.044
0.044
0.044
0.04
0.038
0.038
0.038
0.038
0.038
0.038
0.038
0.038
0.038
0.036
0.036
0.036
0.036
0.036
0.036
0.036
0.032
0.032
0.03
0.026
0.026
0.026
0.026
0.024
0.024
1.0
1.0
1.0
1.0
1.0
1.0
1.0
1.0
1.0
1.0
1.0
1.0
1.0
1.0
1.0
0.998
0.994
0.984
0.972
0.964
0.962
0.958
0.954
0.948
0.944
0.942
0.94
0.934
0.932
0.922
0.918
0.908
0.902
0.9
0.894
0.886
0.882
0.878
0.87
0.868
0.866
0.86
0.854
0.85
0.842
0.838
0.83
0.818
0.818
0.808
0.806
0.8
0.796
0.794
0.79
0.78
0.774
0.774
0.774
0.76
0.754
0.74
0.736
0.734
0.73
0.722
0.718
0.71
0.702
0.702
0.694
0.686
0.678
0.674
0.67
0.67
0.666
0.664
0.656
0.65
0.642
0.63
0.628
0.616
0.612
0.61
0.61
0.606
0.596
0.588
0.588
0.588
0.586
0.584
0.578
0.572
0.57
0.566
0.564
0.564
0.564
0.56
0.554
0.55
0.55
0.546
0.536
0.534
0.53
0.53
0.53
0.53
0.526
0.524
0.522
0.516
0.514
0.514
0.512
0.508
0.506
0.504
0.5
0.498
0.498
0.494
0.49
0.482
0.478
0.474
0.472
0.47
0.47
0.468
0.46
0.45
0.444
0.438
0.438
0.434
0.432
0.432
0.432
0.426
0.418
0.412
0.408
0.406
0.406
0.406
0.404
0.4
0.4
0.398
0.398
0.394
0.394
0.394
0.392
0.392
0.392
0.39
0.386
0.386
0.384
0.38
0.38
0.378
0.376
0.372
0.37
0.37
0.368
0.366
0.364
0.364
0.364
0.362
0.36
0.358
0.354
0.354
0.352
0.348
0.348
0.348
0.342
0.336
0.336
0.334
0.332
0.33
0.324
0.324
0.32
0.318
0.316
0.316
0.316
0.314
0.31
1.0
1.0
1.0
1.0
1.0
1.0
1.0
1.0
1.0
1.0
1.0
1.0
1.0
1.0
0.998
0.996
0.994
0.992
0.982
0.98
0.972
0.96
0.954
0.952
0.94
0.926
0.922
0.914
0.91
0.906
0.904
0.902
0.894
0.886
0.88
0.874
0.868
0.864
0.858
0.848
0.842
0.838
0.826
0.818
0.81
0.808
0.804
0.8
0.794
0.794
0.792
0.792
0.786
0.784
0.78
0.774
0.766
0.762
0.762
0.75
0.748
0.738
0.734
0.728
0.728
0.724
0.72
0.718
0.718
0.71
0.704
0.7
0.694
0.69
0.686
0.68
0.678
0.672
0.67
0.666
0.664
0.66
0.66
0.658
0.648
0.648
0.644
0.644
0.642
0.64
0.636
0.632
0.63
0.624
0.624
0.624
0.624
0.612
0.604
0.602
0.596
0.596
0.592
0.586
0.584
0.584
0.582
0.582
0.58
0.578
0.576
0.57
0.564
0.56
0.56
0.558
0.558
0.554
0.552
0.548
0.546
0.544
0.54
0.54
0.538
0.534
0.532
0.532
0.53
0.528
0.524
0.522
0.518
0.514
0.508
0.508
0.506
0.496
0.494
0.492
0.49
0.484
0.48
0.474
0.472
0.472
0.47
0.468
0.464
0.462
0.458
0.454
0.452
0.45
0.448
0.446
0.446
0.444
0.44
0.44
0.438
0.432
0.43
0.43
0.426
0.426
0.424
0.424
0.42
0.416
0.41
0.404
0.402
0.402
0.396
0.396
0.392
0.392
0.39
0.39
0.388
0.384
0.384
0.384
0.382
0.382
0.38
0.376
0.374
0.37
0.364
0.362
0.36
0.358
0.354
0.354
0.352
0.344
0.344
0.344
0.342
